1 1 1 -1.3654422778135757 -1.945870726104601
1 2 1 -1.3654422778135757 -1.7897749211052447
1 3 1 -1.3612549674243823 -1.7090357116228183
1 4 1 -1.348693036256801 -1.5960008183474224
1 5 1 -1.348693036256801 -1.4560528552445506
1 6 1 -1.3612549674243823 -1.2730439804177185
1 7 1 -1.3528803466459949 -1.1815395430043028
1 8 1 -1.348693036256801 -1.0738872636944017
1 9 1 -1.3445057258676076 -0.9554697564535098
1 10 1 -1.3445057258676076 -0.799373951454153
1 11 1 -1.3445057258676076 -0.6594259883512817
1 12 1 -1.3445057258676076 -0.5625389369723708
1 13 1 -1.340318415478414 -0.4118257459385088
1 14 1 -1.348693036256801 -0.2826430107666277
1 15 1 -1.348693036256801 -0.1965211873187065
1 16 1 -1.3445057258676076 -0.14807766162925126
1 17 1 -1.3445057258676076 -0.045807996284844985
1 18 1 -1.340318415478414 0.04569644112857108
1 19 1 -1.340318415478414 0.14796610647297737
1 20 1 -1.340318415478414 0.2825314556103538
1 21 1 -1.3445057258676076 0.4170968047477302
1 22 1 -1.340318415478414 0.5193664700921365
1 23 1 -1.340318415478414 0.6431665912985227
1 24 1 -1.340318415478414 0.7562014845739192
1 25 1 -1.3361311050892202 0.8261754661253549
1 26 1 -1.348693036256801 0.9176799035387709
1 27 1 -1.3319437947000263 1.014566954917682
1 28 1 -1.3361311050892202 1.100688778365603
1 29 1 -1.327756484310833 1.1760453738825336
1 30 1 -1.327756484310833 1.2567845833649598
1 31 1 -1.327756484310833 1.3375237928473858
1 32 1 -1.327756484310833 1.4344108442262966
1 33 1 -1.3235691739216393 1.5151500537087226
1 34 1 -1.2565722076945405 1.5205326676742175
1 35 1 -1.193762551856636 1.5205326676742175
1 36 1 -1.1351402064079243 1.5097674397432277
1 37 1 -1.0639559297916323 1.5097674397432277
1 38 1 -1.0137082051213082 1.5205326676742175
1 39 1 -0.9676477908401778 1.5205326676742175
1 40 1 -0.9215873765590479 1.5205326676742175
1 41 1 -0.854590410331949 1.5205326676742175
1 42 1 -0.8043426856616251 1.5205326676742175
1 43 1 -0.733158409045333 1.5259152816397128
1 44 1 -0.6912853051533963 1.5259152816397128
1 45 1 -0.607539097369523 1.5259152816397128
1 46 1 -0.5237928895856496 1.5259152816397128
1 47 1 -0.4358593714125831 1.5259152816397128
1 48 1 -0.35630047401790305 1.5259152816397128
1 49 1 -0.2767415766232236 1.5312978956052077
1 50 1 -0.22230654156370594 1.5312978956052077
1 51 1 -0.14274764416902647 1.5312978956052077
1 52 1 -0.07575067794192764 1.5312978956052077
1 53 1 -0.025502953271604054 1.5474457375016928
1 54 1 0.08755442723662482 1.5474457375016928
1 55 1 0.15455139346372365 1.5474457375016928
1 56 1 0.22992298046920956 1.5474457375016928
1 57 1 0.30529456747469547 1.5474457375016928
1 58 1 0.3890407752585685 1.5474457375016928
1 59 1 0.42672656876131143 1.5474457375016928
1 60 1 0.49791084537760383 1.5474457375016928
1 61 1 0.556533190826315 1.5474457375016928
1 62 1 0.6025936051074456 1.5474457375016928
1 63 1 0.6654032609453504 1.5474457375016928
1 64 1 0.7742733310643857 1.5474457375016928
1 65 1 0.8538322284590651 1.5474457375016928
1 66 1 0.9292038154645511 1.5474457375016928
1 67 1 1.004575402470037 1.5474457375016928
1 68 1 1.0631977479187482 1.5474457375016928
1 69 1 1.1218200933674594 1.5528283514671881
1 70 1 1.16788050764859 1.5528283514671881
1 71 1 1.2265028530973012 1.5528283514671881
1 72 1 1.289312508935206 1.5528283514671881
1 73 1 1.3395602336055301 1.5528283514671881
2 1 1 -1.2565722076945405 -1.7520966233467787
2 2 1 -1.2523848973053469 -1.633679116105888
2 3 1 -1.2565722076945405 -1.4991137669685113
2 4 1 -1.2398229661377658 -1.3806962597276196
2 5 1 -1.2440102765269598 -1.229983068693758
2 6 1 -1.2440102765269598 -1.0954177195563817
2 7 1 -1.2398229661377658 -0.9823828262809852
2 8 1 -1.2398229661377658 -0.8801131609365793
2 9 1 -1.2356356557485721 -0.7886087235231632
2 10 1 -1.2356356557485721 -0.6971042861097472
2 11 1 -1.2356356557485721 -0.589452006799846
2 12 1 -1.2356356557485721 -0.48718234145543976
2 13 1 -1.2356356557485721 -0.39029529007652886
2 14 1 -1.2356356557485721 -0.2826430107666277
2 15 1 -1.2356356557485721 -0.17499073145672653
2 16 1 -1.2356356557485721 -0.07810368007781515
2 17 1 -1.2356356557485721 0.00801814337010559
2 18 1 -1.2356356557485721 0.11567042268000674
2 19 1 -1.2356356557485721 0.217940088024413
2 20 1 -1.2398229661377658 0.36327066509277967
2 21 1 -1.2398229661377658 0.4655403304371859
2 22 1 -1.2398229661377658 0.5678099957815922
2 23 1 -1.2398229661377658 0.7077579588844635
2 24 1 -1.2398229661377658 0.8261754661253549
2 25 1 -1.2398229661377658 0.9445929733662463
2 26 1 -1.2398229661377658 1.030714796814167
2 27 1 -1.2356356557485721 1.122219234227583
2 28 1 -1.2440102765269598 1.2137236716409991
2 29 1 -1.189575241467442 1.2137236716409991
2 30 1 -1.1016417232943752 1.2137236716409991
2 31 1 -1.0220828258996955 1.2083410576755043
2 32 1 -0.8839015830563048 1.2083410576755043
2 33 1 -0.7834061337156569 1.2083410576755043
2 34 1 -0.7373457194345265 1.2137236716409991
2 35 1 -0.6577868220398472 1.2137236716409991
2 36 1 -0.5782279246451673 1.2137236716409991
2 37 1 -0.4358593714125831 1.2083410576755043
2 38 1 -0.3604877844070971 1.2137236716409991
2 39 1 -0.25580502467725535 1.2137236716409991
2 40 1 -0.18462074806096296 1.2137236716409991
2 41 1 -0.10506185066628351 1.2137236716409991
2 42 1 -0.03806488443918468 1.2137236716409991
2 43 1 0.07499249606904419 1.2137236716409991
2 44 1 0.1503640830745301 1.2083410576755043
2 45 1 0.23411029085840313 1.2083410576755043
2 46 1 0.30948187786388903 1.2083410576755043
2 47 1 0.37647884409098786 1.2083410576755043
2 48 1 0.47278698304244204 1.202958443710009
2 49 1 0.5523458804371215 1.197575829744514
2 50 1 0.6235301570534139 1.197575829744514
2 51 1 0.7156509856156745 1.1921932157790192
2 52 1 0.7826479518427728 1.1921932157790192
3 1 1 -1.051393998624051 -1.913575042311631
3 2 1 -1.0388320674564702 -1.8274532188637096
3 3 1 -1.0388320674564702 -1.7359487814502936
3 4 1 -1.030457446678083 -1.6282965021403926
3 5 1 -1.030457446678083 -1.493731153003016
3 6 1 -1.0220828258996955 -1.3753136457621247
3 7 1 -1.0220828258996955 -1.2730439804177185
3 8 1 -1.017895515510502 -1.1600090871423223
3 9 1 -1.0137082051213082 -1.0685046497289064
3 10 1 -1.0137082051213082 -0.9716175983499954
3 11 1 -1.0137082051213082 -0.8639653190400942
3 12 1 -1.0137082051213082 -0.7240173559372225
3 13 1 -1.0137082051213082 -0.6271303045583115
3 14 1 -1.0137082051213082 -0.4925649554209351
3 15 1 -1.0095208947321146 -0.33646915042157827
3 16 1 -1.0095208947321146 -0.2180516431806869
3 17 1 -1.0095208947321146 -0.14807766162925126
3 18 1 -1.0095208947321146 -0.06733845214682495
3 19 1 -1.0095208947321146 -0.008129698526379492
3 20 1 -1.0095208947321146 0.061844283025056165
3 21 1 -1.0095208947321146 0.15334872043847222
3 22 1 -1.0095208947321146 0.2556183857828785
3 23 1 -1.0095208947321146 0.3255923673343142
3 24 1 -1.0011462739537274 0.4278620326787204
3 25 1 -1.0011462739537274 0.5193664700921365
3 26 1 -1.0137082051213082 0.6270187494020376
3 27 1 -0.9885843427861464 0.7562014845739192
3 28 1 -0.9885843427861464 0.8746189918148105
3 29 1 -0.9885843427861464 0.9445929733662463
3 30 1 -0.9885843427861464 1.030714796814167
3 31 1 -0.9885843427861464 1.1060713923310979
3 32 1 -0.9885843427861464 1.2298715135374843
3 33 1 -0.980209722007759 1.2998454950889202
3 34 1 -0.9257746869482414 1.3106107230199104
3 35 1 -0.8336538583859807 1.3106107230199104
3 36 1 -0.7540949609913012 1.3106107230199104
3 37 1 -0.6954726155425901 1.3159933369854053
3 38 1 -0.6159137181479104 1.3159933369854053
3 39 1 -0.557291372699199 1.3159933369854053
3 40 1 -0.46935785452613193 1.3159933369854053
3 41 1 -0.40654819868822717 1.3159933369854053
3 42 1 -0.3437385428503224 1.3159933369854053
3 43 1 -0.23068116234209354 1.3159933369854053
3 44 1 -0.1343730233906394 1.3106107230199104
3 45 1 -0.06318874677434701 1.3106107230199104
3 46 1 0.028932081787913615 1.3106107230199104
3 47 1 0.07917980645823773 1.3106107230199104
3 48 1 0.1503640830745301 1.3106107230199104
3 49 1 0.21317373891243485 1.3106107230199104
3 50 1 0.2969199466963084 1.294462881123425
3 51 1 0.3722915337017943 1.294462881123425
3 52 1 0.4225392583721179 1.2998454950889202
3 53 1 0.4811616038208291 1.2998454950889202
3 54 1 0.5355966388803468 1.2998454950889202
3 55 1 0.5774697427722832 1.2998454950889202
3 56 1 0.6360920882209951 1.294462881123425
3 57 1 0.6863398128913186 1.294462881123425
3 58 1 0.7868352622319669 1.28908026715793
3 59 1 0.8747687804050334 1.28908026715793
3 60 1 0.9292038154645511 1.294462881123425
4 1 1 -1.0388320674564702 -1.9404881121391062
4 2 1 -1.0262701362888893 -1.84898367472569
4 3 1 -1.0262701362888893 -1.779009693174254
4 4 1 -1.0262701362888893 -1.6713574138643528
4 5 1 -1.017895515510502 -1.574470362485442
4 6 1 -1.017895515510502 -1.488348539037521
4 7 1 -1.0220828258996955 -1.3537831899001442
4 8 1 -1.0137082051213082 -1.229983068693758
4 9 1 -1.0137082051213082 -1.1330960173148472
4 10 1 -1.0053335843429207 -1.025443738004946
4 11 1 -1.0053335843429207 -0.9339393005915299
4 12 1 -1.0011462739537274 -0.8424348631781139
4 13 1 -1.0011462739537274 -0.7563130397301931
4 14 1 -0.9927716531753399 -0.6755738302477673
4 15 1 -0.9927716531753399 -0.5248606392139052
4 16 1 -0.9927716531753399 -0.4172083599040041
4 17 1 -0.9927716531753399 -0.2826430107666277
4 18 1 -0.9927716531753399 -0.16960811749123123
4 19 1 -0.9843970323969525 -0.06195583818133006
4 20 1 -0.9843970323969525 0.01340075733560092
4 21 1 -0.9843970323969525 0.13181826457649226
4 22 1 -0.9843970323969525 0.2394705438863934
4 23 1 -0.9843970323969525 0.3309749812998095
4 24 1 -0.9843970323969525 0.41171419078223537
4 25 1 -0.9718351012293717 0.4978360142301561
4 26 1 -0.9718351012293717 0.578575223712582
4 27 1 -0.9760224116185652 0.6431665912985227
4 28 1 -0.9760224116185652 0.7723493264704043
4 29 1 -0.9760224116185652 0.8530885359528302
4 30 1 -0.980209722007759 0.9553582012972364
4 31 1 -0.980209722007759 1.0737757085381279
4 32 1 -0.980209722007759 1.1921932157790192
4 33 1 -0.9760224116185652 1.2783150392269398
4 34 1 -0.9215873765590479 1.2998454950889202
4 35 1 -0.8336538583859807 1.28908026715793
4 36 1 -0.7457203402129139 1.28908026715793
4 37 1 -0.6661614428182342 1.28908026715793
4 38 1 -0.5698533038667801 1.28908026715793
4 39 1 -0.46517054413693837 1.294462881123425
4 40 1 -0.36886240518548424 1.294462881123425
4 41 1 -0.2851161974016112 1.294462881123425
4 42 1 -0.21811923117451237 1.294462881123425
4 43 1 -0.1301857130014453 1.28908026715793
4 44 1 -0.03387757404999114 1.28908026715793
4 45 1 0.07080518567985011 1.28908026715793
4 46 1 0.12942753112856187 1.28908026715793
4 47 1 0.22154835969082248 1.28908026715793
4 48 1 0.31785649864227666 1.28908026715793
4 49 1 0.40160270642614965 1.28908026715793
4 50 1 0.49372353498841026 1.28908026715793
4 51 1 0.5858443635506709 1.28908026715793
4 52 1 0.6821525025021251 1.28908026715793
4 53 1 0.7449621583400298 1.28908026715793
4 54 1 0.8203337453455157 1.2675498112959496
4 55 1 0.9333911258537446 1.2621671973304547
4 56 1 1.0296992648051988 1.2621671973304547
4 57 1 1.1092581621998787 1.2621671973304547
4 58 1 1.1888170595945582 1.2621671973304547
5 1 1 -1.0388320674564702 -1.9620185680010862
5 2 1 -1.0388320674564702 -1.8597489026566802
5 3 1 -1.0346447570672768 -1.7251835535193034
5 4 1 -1.030457446678083 -1.6282965021403926
5 5 1 -1.030457446678083 -1.5367920647269764
5 6 1 -1.0262701362888893 -1.4345223993825702
5 7 1 -1.0262701362888893 -1.3053396642106891
5 8 1 -1.0262701362888893 -1.1923047709352925
5 9 1 -1.0220828258996955 -1.0900351055908863
5 10 1 -1.0220828258996955 -0.9770002123154903
5 11 1 -1.0220828258996955 -0.8639653190400942
5 12 1 -1.0220828258996955 -0.7724608816266777
5 13 1 -1.0220828258996955 -0.6648086023167766
5 14 1 -1.017895515510502 -0.5410084811103903
5 15 1 -1.017895515510502 -0.4656518855934598
5 16 1 -1.017895515510502 -0.35261699231806337
5 17 1 -1.017895515510502 -0.2180516431806869
5 18 1 -1.0346447570672768 -0.09963413593979556
5 19 1 -1.0262701362888893 0.00801814337010559
5 20 1 -1.0220828258996955 0.09952258078352166
5 21 1 -1.0220828258996955 0.2071748600934228
5 22 1 -1.0262701362888893 0.28791406957584864
5 23 1 -1.017895515510502 0.36865327905827455
5 24 1 -0.9927716531753399 0.481688172333671
5 25 1 -1.0095208947321146 0.5893404516435722
5 26 1 -1.0137082051213082 0.7400536426774341
5 27 1 -1.0011462739537274 0.8692363778493152
5 28 1 -1.0053335843429207 0.9607408152627313
5 29 1 -1.0053335843429207 1.0630104806071377
5 30 1 -1.0053335843429207 1.1652801459515438
5 31 1 -1.0011462739537274 1.2621671973304547
5 32 1 -1.0011462739537274 1.3536716347438709
5 33 1 -0.9425239285050161 1.3590542487093658
5 34 1 -0.8504030999427554 1.3590542487093658
5 35 1 -0.7750315129372696 1.3805847045713462
5 36 1 -0.6619741324290407 1.364436862674861
5 37 1 -0.5363548207532307 1.364436862674861
5 38 1 -0.35211316362870954 1.364436862674861
5 39 1 -0.2767415766232236 1.369819476640356
5 40 1 -0.20136998961773767 1.364436862674861
5 41 1 -0.1301857130014453 1.3590542487093658
5 42 1 -0.05900143638515293 1.3590542487093658
5 43 1 -3.79090936441722E-4 1.369819476640356
5 44 1 0.08755442723662482 1.3913499325023364
5 45 1 0.16711332463130482 1.3805847045713462
5 46 1 0.24248491163679073 1.3536716347438709
5 47 1 0.34298036097743845 1.3482890207783755
5 48 1 0.3890407752585685 1.3752020906058509
5 49 1 0.44766312070728026 1.3752020906058509
5 50 1 0.49372353498841026 1.364436862674861
5 51 1 0.5649078116047026 1.3590542487093658
5 52 1 0.6570286401669633 1.3590542487093658
5 53 1 0.7240256063940615 1.364436862674861
5 54 1 0.7868352622319669 1.364436862674861
5 55 1 0.841270297291484 1.3590542487093658
5 56 1 0.9333911258537446 1.3590542487093658
5 57 1 1.0129500232484245 1.3482890207783755
5 58 1 1.0631977479187482 1.3482890207783755
5 59 1 1.1218200933674594 1.3429064068128806
5 60 1 1.1595058868702024 1.3429064068128806
5 61 1 1.21394092192972 1.3375237928473858
5 62 1 1.289312508935206 1.3321411788818904
5 63 1 1.3479348543839171 1.3213759509509002
5 64 1 1.4023698894434349 1.3106107230199104
6 1 1 -1.3110072427540582 -1.9889316378285615
6 2 1 -1.315194553143252 -1.8920445864496505
6 3 1 -1.315194553143252 -1.8005401490362345
6 4 1 -1.315194553143252 -1.6713574138643528
6 5 1 -1.315194553143252 -1.5583225205889568
6 6 1 -1.315194553143252 -1.4345223993825702
6 7 1 -1.315194553143252 -1.3806962597276196
6 8 1 -1.3235691739216393 -1.2784265943832138
6 9 1 -1.3235691739216393 -1.1761569290388074
6 10 1 -1.315194553143252 -1.0469741938669264
6 11 1 -1.315194553143252 -0.9393219145570247
6 12 1 -1.315194553143252 -0.8101391793851437
6 13 1 -1.315194553143252 -0.7186347419717272
6 14 1 -1.315194553143252 -0.648660760420292
6 15 1 -1.3110072427540582 -0.5625389369723708
6 16 1 -1.3110072427540582 -0.48179972748994443
6 17 1 -1.302632621975671 -0.39029529007652886
6 18 1 -1.302632621975671 -0.309556080594103
6 19 1 -1.3110072427540582 -0.2234342571461818
6 20 1 -1.3110072427540582 -0.11578197783628064
6 21 1 -1.3110072427540582 -0.002747084560884614
6 22 1 -1.3110072427540582 0.08875735285253145
6 23 1 -1.315194553143252 0.18026179026594752
6 24 1 -1.315194553143252 0.3255923673343142
6 25 1 -1.327756484310833 0.4763055583681761
6 26 1 -1.327756484310833 0.5947230656090675
6 27 1 -1.3235691739216393 0.7077579588844635
6 28 1 -1.3235691739216393 0.7562014845739192
6 29 1 -1.3193818635324457 0.8154102381943646
6 30 1 -1.3193818635324457 0.8369406940563451
6 31 1 -1.315194553143252 0.8746189918148105
6 32 1 -1.3068199323648646 0.9607408152627313
6 33 1 -1.315194553143252 1.0630104806071377
6 34 1 -1.3068199323648646 1.1491323040550583
6 35 1 -1.3068199323648646 1.2783150392269398
6 36 1 -1.302632621975671 1.3482890207783755
6 37 1 -1.302632621975671 1.4182630023298117
6 38 1 -1.302632621975671 1.4667065280192668
6 39 1 -1.2649468284729282 1.4667065280192668
6 40 1 -1.2105117934134104 1.4667065280192668
6 41 1 -1.1225782752403435 1.461323914053772
6 42 1 -1.0639559297916323 1.461323914053772
6 43 1 -0.9425239285050161 1.461323914053772
6 44 1 -0.8671523414995301 1.4667065280192668
6 45 1 -0.7917807544940443 1.4667065280192668
6 46 1 -0.6870979947642027 1.4720891419847622
6 47 1 -0.582415235034361 1.4720891419847622
6 48 1 -0.4526086129693578 1.461323914053772
6 49 1 -0.3814243363530654 1.461323914053772
6 50 1 -0.31442737012596655 1.461323914053772
6 51 1 -0.21811923117451237 1.461323914053772
6 52 1 -0.12181109222305822 1.461323914053772
6 53 1 -0.046439505217572306 1.461323914053772
6 54 1 0.028932081787913615 1.461323914053772
6 55 1 0.10849097918259307 1.461323914053772
6 56 1 0.1754879454096919 1.461323914053772
6 57 1 0.24248491163679073 1.461323914053772
6 58 1 0.3220438090314702 1.461323914053772
6 59 1 0.39322808564776257 1.461323914053772
6 60 1 0.46022505187486085 1.455941300088277
6 61 1 0.5062854661559915 1.455941300088277
6 62 1 0.5816570531614773 1.455941300088277
6 63 1 0.631904777831801 1.4667065280192668
6 64 1 0.6905271232805121 1.4667065280192668
6 65 1 0.7617113998968045 1.455941300088277
6 66 1 0.7993971933995475 1.4451760721572868
6 67 1 0.845457607680678 1.4451760721572868
6 68 1 0.9333911258537446 1.4451760721572868
6 69 1 0.9836388505240687 1.4451760721572868
6 70 1 1.0213246440268118 1.4451760721572868
6 71 1 1.0673850583079418 1.4451760721572868
6 72 1 1.1134454725890723 1.4451760721572868
6 73 1 1.1553185764810088 1.4344108442262966
6 74 1 1.2013789907621395 1.4344108442262966
6 75 1 1.2767505777676253 1.4344108442262966
7 1 2 -1.5957443492192274 1.0683930945726325
7 2 2 -1.5454966245489035 1.0360974107796623
7 3 2 -1.4952488998785793 0.9930364990557019
7 4 2 -1.449188485597449 0.933827745435256
7 5 2 -1.390566140148738 0.8692363778493152
7 6 2 -1.3445057258676076 0.8154102381943646
7 7 2 -1.2858833804188963 0.7292884147464439
7 8 2 -1.214699103802604 0.6270187494020376
7 9 2 -1.1770133102998612 0.578575223712582
7 10 2 -1.126765585629537 0.5139838561266412
7 11 2 -1.0723305505700196 0.4440098745752055
7 12 2 -1.0346447570672768 0.39556634888575026
7 13 2 -0.9969589635645337 0.3255923673343142
7 14 2 -0.9467112388942096 0.2502357718173836
7 15 2 -0.9006508246130793 0.1964096321624326
7 16 2 -0.854590410331949 0.14258349250748203
7 17 2 -0.8210919272183999 0.10490519474901698
7 18 2 -0.770844202548076 0.0672268969905515
7 19 2 -0.7122218570993645 0.00801814337010559
7 20 2 -0.6494122012614598 -0.0296601543883599
7 21 2 -0.5866025454235547 -0.08886890800880536
7 22 2 -0.5237928895856496 -0.14269504766375593
7 23 2 -0.4819197856937131 -0.20190380128420182
7 24 2 -0.40236088829903366 -0.27187778283563746
7 25 2 -0.3604877844070971 -0.33646915042157827
7 26 2 -0.28930350779080477 -0.4279735878349939
7 27 2 -0.24743040389886825 -0.48718234145543976
7 28 2 -0.21811923117451237 -0.5410084811103903
7 29 2 -0.18043343767176942 -0.5786867788688559
7 30 2 -0.1301857130014453 -0.6217476905928166
7 31 2 -0.07575067794192764 -0.686339058178757
7 32 2 -0.025502953271604054 -0.7509304257646978
7 33 2 0.0038082194527518202 -0.8047565654196484
7 34 2 0.04149401295549478 -0.8478174771436087
7 35 2 0.08755442723662482 -0.9285566866260345
7 36 2 0.1336148415177554 -1.0092958961084604
7 37 2 0.17130063502049836 -1.0846524916253915
7 38 2 0.21736104930162842 -1.1546264731768274
7 39 2 0.26760877397195254 -1.2192178407627678
7 40 2 0.32623111942066374 -1.2838092083487087
7 41 2 0.35972960253421316 -1.3591658038656396
7 42 2 0.40160270642614965 -1.4345223993825702
7 43 2 0.42672656876131143 -1.493731153003016
7 44 2 0.46022505187486085 -1.552939906623462
7 45 2 0.48953622459921675 -1.6229138881748977
7 46 2 0.5230347077127662 -1.6928878697263332
7 47 2 0.5523458804371215 -1.7520966233467787
7 48 2 0.5774697427722832 -1.7467140093812838
7 49 2 0.6067809154966392 -1.698270483691828
7 50 2 0.6277174674426074 -1.6444443440368777
7 51 2 0.6528413297777692 -1.6067660462784126
7 52 2 0.6947144336697062 -1.552939906623462
7 53 2 0.7240256063940615 -1.4991137669685113
7 54 2 0.7658987102859981 -1.4345223993825702
7 55 2 0.803584503788741 -1.3806962597276196
7 56 2 0.8287083661239033 -1.3322527340381642
7 57 2 0.8663941596266463 -1.2730439804177185
7 58 2 0.8998926427401958 -1.2030699988662827
7 59 2 0.9627022985781005 -1.1330960173148472
7 60 2 0.9878261609132623 -1.0685046497289064
7 61 2 1.0338865751943929 -0.9985306681774707
7 62 2 1.0631977479187482 -0.9447045285225201
7 63 2 1.1050708518106847 -0.874730546971084
7 64 2 1.1636931972593965 -0.7939913374886581
7 65 2 1.21394092192972 -0.7240173559372225
7 66 2 1.255814025821657 -0.6594259883512817
7 67 2 1.3186236816595618 -0.573304164903361
7 68 2 1.3604967855514982 -0.48718234145543976
7 69 2 1.427493751778597 -0.401060518007519
7 70 2 1.4777414764489207 -0.32032130852509316
7 71 2 1.5070526491732765 -0.2503473269736571
7 72 2 1.5531130634544066 -0.1965211873187065
7 73 2 1.5907988569571496 -0.1319298197327657
7 74 2 1.6326719608490867 -0.07810368007781515
7 75 2 1.6703577543518295 -0.002747084560884614
7 76 2 1.7247927894113466 0.08337473888703657
7 77 2 1.7666658933032837 0.14796610647297737
7 78 2 1.8127263075844138 0.22870531595540322
7 79 2 1.8797232738115126 0.33635759526530434
7 80 2 1.9299709984818363 0.4170968047477302
7 81 2 1.9844060335413538 0.4870707862991659
7 82 2 2.022091827044097 0.5624273818160969
7 83 2 2.093276103660389 0.6431665912985227
7 84 2 2.1435238283307134 0.7346710287119388
7 85 2 2.160273069887488 0.7884971683668893
7 86 2 2.1895842426118435 0.8100276242288698
7 87 2 2.2272700361145863 0.8800016057803054
8 1 2 -1.7171763505058437 1.030714796814167
8 2 2 -1.6878651777814877 0.9984191130211968
8 3 2 -1.6459920738895513 0.9445929733662463
8 4 2 -1.5957443492192274 0.9230625175042658
8 5 2 -1.5664331764948718 0.8692363778493152
8 6 2 -1.511998141435354 0.8046450102633744
8 7 2 -1.4743123479326112 0.7239058007809486
8 8 2 -1.3528803466459949 0.6270187494020376
8 9 2 -1.3193818635324457 0.578575223712582
8 10 2 -1.2607595180837345 0.5247490840576313
8 11 2 -1.214699103802604 0.4763055583681761
8 12 2 -1.16445137913228 0.4170968047477302
8 13 2 -1.0388320674564702 0.29867929750683886
8 14 2 -0.9760224116185652 0.2394705438863934
8 15 2 -0.9383366181158223 0.20179224612792793
8 16 2 -0.9048381350022732 0.16411394836946244
8 17 2 -0.854590410331949 0.12105303664550207
8 18 2 -0.7834061337156569 0.056461669059561286
8 19 2 -0.6745360635966215 -0.05657322421583519
8 20 2 -0.6284756493154913 -0.09425152197430023
8 21 2 -0.5866025454235547 -0.13731243369826104
8 22 2 -0.5154182688072625 -0.1857559593877163
8 23 2 -0.44842130258016366 -0.26649516887014213
8 24 2 -0.37304971557467775 -0.37953006214553864
8 25 2 -0.28930350779080477 -0.4495040436969743
8 26 2 -0.23486847273128708 -0.5194780252484104
8 27 2 -0.18880805845015705 -0.5840693928343508
8 28 2 -0.11762378183386468 -0.6755738302477673
8 29 2 -0.05481412599595939 -0.7509304257646978
8 30 2 -0.0045664013256358025 -0.8316696352471237
8 31 2 0.028932081787913615 -0.9016436167985593
8 32 2 0.07917980645823773 -0.9554697564535098
8 33 2 0.12105291035017424 -1.0469741938669264
8 34 2 0.15455139346372365 -1.1115655614528668
8 35 2 0.1922371869664666 -1.170774315073312
8 36 2 0.22992298046920956 -1.229983068693758
8 37 2 0.2759833947503396 -1.2999570502451938
8 38 2 0.3220438090314702 -1.3699310317966298
8 39 2 0.3806661544801814 -1.4506702412790557
8 40 2 0.42672656876131143 -1.5367920647269764
8 41 2 0.45603774148566734 -1.6013834323129172
8 42 2 0.4811616038208291 -1.682122641795343
8 43 2 0.5355966388803468 -1.633679116105888
8 44 2 0.5732824323830897 -1.569087748519947
8 45 2 0.6235301570534139 -1.493731153003016
8 46 2 0.6654032609453504 -1.4129919435205902
8 47 2 0.7030890544480933 -1.3430179619691545
8 48 2 0.7491494687292239 -1.2838092083487087
8 49 2 0.7952098830103539 -1.213835226797273
8 50 2 0.8203337453455157 -1.1546264731768274
8 51 2 0.8580195388482587 -1.100800333521877
8 52 2 0.8998926427401958 -1.0469741938669264
8 53 2 0.9333911258537446 -0.9716175983499954
8 54 2 0.966889608967294 -0.9177914586950449
8 55 2 1.004575402470037 -0.8585827050745989
8 56 2 1.0422611959727799 -0.8101391793851437
8 57 2 1.0757596790863293 -0.7616956536956879
8 58 2 1.1092581621998787 -0.6917216721442518
8 59 2 1.1511312660918154 -0.6540433743857869
8 60 2 1.1804424388161705 -0.5679215509378657
8 61 2 1.2265028530973012 -0.4764171135244496
8 62 2 1.2725632673784313 -0.3849126761110335
8 63 2 1.3186236816595618 -0.30417346662860767
8 64 2 1.3604967855514982 -0.234199485077172
8 65 2 1.4023698894434349 -0.14807766162925126
8 66 2 1.4693668556705337 -0.07272106611232027
8 67 2 1.4777414764489207 -0.024277540422864573
8 68 2 1.5238018907300512 0.056461669059561286
8 69 2 1.574049615400375 0.13181826457649226
8 70 2 1.6075480985139243 0.18564440423144285
8 71 2 1.6494212024058608 0.2663836137138687
8 72 2 1.6996689270761849 0.3578880511272848
8 73 2 1.749916651746509 0.4332446466442153
8 74 2 1.7917897556384454 0.5247490840576313
8 75 2 1.8504121010871568 0.6377839773330278
8 76 2 1.871348653033125 0.6969927309534732
8 77 2 1.9048471361466743 0.7777319404358991
8 78 2 1.9550948608169985 0.8477059219873353
8 79 2 1.9844060335413538 0.933827745435256
8 80 2 2.043028378990065 0.9930364990557019
8 81 2 2.072339551714421 1.0791583225036225
9 1 2 -1.6376174531111642 1.0155349144107715
9 2 2 -1.5831824180516465 0.951034648894769
9 3 2 -1.5454966245489035 0.9080344718841
9 4 2 -1.4952488998785798 0.8650342948734315
9 5 2 -1.4701250375434176 0.822034117862763
9 6 2 -1.4408138648190623 0.7844089629784279
9 7 2 -1.4115026920947065 0.7467838080940932
9 8 2 -1.382191519370351 0.7199086974624254
9 9 2 -1.352880346645995 0.6822835425780902
9 10 2 -1.3193818635324457 0.6392833655674217
9 11 2 -1.2733214492513159 0.585533144304086
9 12 2 -1.2356356557485728 0.5479079894197508
9 13 2 -1.1979498622458298 0.5102828345354157
9 14 2 -1.1602640687430867 0.4672826575247472
9 15 2 -1.1267655856295375 0.4296575026404125
9 16 2 -1.0932671025159881 0.3866573256297436
9 17 2 -1.0472066882348579 0.33828212649274164
9 18 2 -1.0178955155105023 0.2899069273557393
9 19 2 -0.9802097220077594 0.25765679459773805
9 20 2 -0.9425239285050163 0.21465661758706953
9 21 2 -0.9048381350022734 0.1824064848290678
9 22 2 -0.8545904103319495 0.12865626356573248
9 23 2 -0.8001553752724319 0.05878097592339565
9 24 2 -0.7499076506021081 0.01578079891272714
9 25 2 -0.7164091674885587 -0.027219378097941373
9 26 2 -0.6661614428182348 -0.09171964361394437
9 27 2 -0.6326629597046856 -0.12396977637194563
9 28 2 -0.5907898558127488 -0.16159493125628074
9 29 2 -0.5447294415316184 -0.20459510826694927
9 30 2 -0.5112309584180695 -0.2690953737829523
9 31 2 -0.4651705441369389 -0.2959704844146197
9 32 2 -0.42329744024500243 -0.3765958163096233
9 33 2 -0.35211316362871004 -0.4357210596992929
9 34 2 -0.3144273701259671 -0.5270964358469638
9 35 2 -0.24324309350967527 -0.6023467456156336
9 36 2 -0.1846207480609635 -0.6668470111316366
9 37 2 -0.14693495455822056 -0.7259722545213058
9 38 2 -0.13856033377983346 -0.8119726085426427
9 39 2 -0.08831260910950935 -0.8549727855533112
9 40 2 -0.042252194828379296 -0.9409731395746482
9 41 2 -0.012941022104023425 -0.9839733165853173
9 42 2 0.02055746100952599 -1.0430985599749865
9 43 2 0.049868633733881326 -1.1022238033646554
9 44 2 0.09174173762581783 -1.1667240688806586
9 45 2 0.11686559996098016 -1.209724245891327
9 46 2 0.15036408307452903 -1.2688494892809967
9 47 2 0.1796752557988849 -1.3494748211759997
9 48 2 0.2215483596908214 -1.4032250424393355
9 49 2 0.2634214635827579 -1.4677253079553385
9 50 2 0.30529456747469497 -1.5214755292186743
9 51 2 0.33041842980985675 -1.5698507283556766
9 52 2 0.3681042233125997 -1.6128509053663451
9 53 2 0.41416463759372973 -1.6612261045033472
9 54 2 0.4685996726532474 -1.6074758832400113
9 55 2 0.49372353498840976 -1.5483506398503422
9 56 2 0.5188473973235715 -1.4838503743343392
9 57 2 0.5774697427722827 -1.4086000645656693
9 58 2 0.6025936051074445 -1.3333497547969992
9 59 2 0.6319047778318004 -1.2688494892809967
9 60 2 0.6905271232805116 -1.1774741131333257
9 61 2 0.7114636752264799 -1.12372389186999
9 62 2 0.7533367791184163 -1.059223626353987
9 63 2 0.7868352622319658 -1.000098382964318
9 64 2 0.8203337453455152 -0.9517231838273159
9 65 2 0.8496449180698705 -0.8818478961849796
9 66 2 0.8831434011834199 -0.8119726085426427
9 67 2 0.9375784362429376 -0.7205972323949723
9 68 2 0.9668896089672935 -0.6722220332579699
9 69 2 1.00876271285923 -0.6023467456156336
9 70 2 1.0506358167511665 -0.5378464800996305
9 71 2 1.1050708518106842 -0.4572211482046274
9 72 2 1.1553185764810077 -0.3765958163096233
9 73 2 1.2013789907621384 -0.3174705729199542
9 74 2 1.2348774738756878 -0.2422202631512844
9 75 2 1.2683759569892366 -0.18847004188794864
9 76 2 1.3186236816595607 -0.09709466574027777
9 77 2 1.3646840959406907 -0.021844355971607526
9 78 2 1.3898079582758531 0.03728088741806162
9 79 2 1.4191191310002085 0.08028106442873013
9 80 2 1.4693668556705326 0.15015635207106653
9 81 2 1.4903034076165007 0.22003163971340292
9 82 2 1.5363638218976314 0.2684068388504053
9 83 2 1.5782369257895679 0.3759072813770768
9 84 2 1.636859271238279 0.45653261327207995
9 85 2 1.6703577543518284 0.5425329672934174
9 86 2 1.7038562374653774 0.623158299188421
9 87 2 1.7457293413573145 0.6930335868307574
9 88 2 1.7792278244708633 0.7629088744730939
9 89 2 1.8294755491411874 0.8542842506207647
9 90 2 1.8545994114763493 0.9134094940104338
9 91 2 1.9299709984818352 1.0101598922844381
9 92 2 1.9760314127629657 1.0961602463057751
10 1 2 -1.516185451824548 1.05853509142144
10 2 2 -1.4575631063758367 0.9402846046421017
10 3 2 -1.4156900024838999 0.886534383378766
10 4 2 -1.378004208981157 0.822034117862763
10 5 2 -1.331943794700027 0.7736589187257611
10 6 2 -1.2900706908080906 0.7091586532097581
10 7 2 -1.2272610349701851 0.6339083434410878
10 8 2 -1.2105117934134109 0.5801581221777525
10 9 2 -1.1602640687430867 0.5425329672934174
10 10 2 -1.1183909648511503 0.472657679651081
10 11 2 -1.0681432401808262 0.4242824805140787
10 12 2 -1.0304574466780834 0.3705322592507429
10 13 2 -0.9969589635645341 0.3167820379874072
10 14 2 -0.9634604804509846 0.29528194948207315
10 15 2 -0.934149307726629 0.24690675034507079
10 16 2 -0.896463514223886 0.1824064848290678
10 17 2 -0.8462157895535621 0.11790621931306525
10 18 2 -0.7834061337156571 0.0695310201760629
10 19 2 -0.724783788266946 -3.442674662734955E-4
10 20 2 -0.6829106843750095 -0.04334444447694201
10 21 2 -0.6452248908722665 -0.107844709992945
10 22 2 -0.5866025454235553 -0.1777199976352814
10 23 2 -0.5196055791964566 -0.258345329530285
10 24 2 -0.5070436480288755 -0.34434568355162204
10 25 2 -0.4651705441369389 -0.34972070567795543
10 26 2 -0.42329744024500243 -0.4195959933202923
10 27 2 -0.38142433635306594 -0.45184612607829355
10 28 2 -0.3395512324611294 -0.49484630308896205
10 29 2 -0.30605274934758 -0.559346568604965
10 30 2 -0.25161771428806234 -0.6184718119946342
10 31 2 -0.2139319207853194 -0.6507219447526359
10 32 2 -0.16787150650418933 -0.7205972323949723
10 33 2 -0.11762378183386521 -0.7958475421636421
10 34 2 -0.07156336755273464 -0.8603478076796451
10 35 2 -0.050626815606766386 -0.9302230953219814
10 36 2 -0.017128332493216967 -0.9732232723326499
10 37 2 0.012182840231138367 -1.0430985599749865
10 38 2 0.054055944123074864 -1.096848781238322
10 39 2 0.09592904801501191 -1.1452239803753246
10 40 2 0.11267828957178608 -1.2312243343966616
10 41 2 0.14198946229614196 -1.2795995335336634
10 42 2 0.17548794540969137 -1.338724776923333
10 43 2 0.20061180774485315 -1.4032250424393355
10 44 2 0.2382976012475961 -1.4569752637026714
10 45 2 0.267608773971952 -1.516100507092341
10 46 2 0.30110725708550085 -1.5698507283556766
10 47 2 0.3220438090314697 -1.596725838987344
10 48 2 0.3597296025342126 -1.6666011266296805
10 49 2 0.4016027064261491 -1.6182259274926785
10 50 2 0.435101189539698 -1.5053504628396737
10 51 2 0.46022505187486035 -1.4462252194500045
10 52 2 0.5062854661559903 -1.3978500203130022
10 53 2 0.5355966388803463 -1.338724776923333
10 54 2 0.5649078116047016 -1.2795995335336634
10 55 2 0.6025936051074445 -1.2204742901439942
10 56 2 0.6235301570534127 -1.1559740246279913
10 57 2 0.6612159505561558 -1.1022238033646554
10 58 2 0.6863398128913181 -1.0484735821013198
10 59 2 0.7198382960048669 -0.9947233608379841
10 60 2 0.761711399896804 -0.9302230953219814
10 61 2 0.7742733310643846 -0.8818478961849796
10 62 2 0.7952098830103529 -0.8119726085426427
10 63 2 0.8496449180698705 -0.774347453658308
10 64 2 0.8705814700158387 -0.693722121763304
10 65 2 0.9166418842969694 -0.6453469226263021
10 66 2 0.9417657466321312 -0.5969717234893002
10 67 2 0.971076919356487 -0.5432215022259644
10 68 2 1.0045754024700364 -0.46259617033096034
10 69 2 1.0673850583079412 -0.36047074993062267
10 70 2 1.1050708518106842 -0.2852204401619529
10 71 2 1.1343820245350396 -0.23147021889861713
10 72 2 1.1846297492053637 -0.1562199091299469
10 73 2 1.2097536115405254 -0.10246968786661116
10 74 2 1.255814025821656 -0.04334444447694201
10 75 2 1.301874440102786 0.021155821039060985
10 76 2 1.3437475439947226 0.10715617506039801
10 77 2 1.3939952686650467 0.20390657333440226
10 78 2 1.4358683725569832 0.2737818609767387
10 79 2 1.473554166059726 0.35440719287174227
10 80 2 1.5154272699516627 0.4242824805140787
10 81 2 1.5405511322868248 0.48878274603008165
10 82 2 1.5740496154003742 0.5586580336724181
10 83 2 1.615922719292311 0.6392833655674217
10 84 2 1.6577958231842473 0.7037836310834247
10 85 2 1.6996689270761838 0.7790339408520944
10 86 2 1.7415420309681204 0.8704093169997653
10 87 2 1.7792278244708633 0.9456596267684351
10 88 2 1.8169136179736063 1.0047848701581048
10 89 2 1.8629740322547368 1.0800351799267744
11 1 2 -1.4617504167650306 1.0692851356741073
11 2 2 -1.4240646232622876 1.0155349144107715
11 3 2 -1.3947534505379318 0.9564096710211024
11 4 2 -1.3445057258676079 0.9026594497577666
11 5 2 -1.2984453115864776 0.8489092284944308
11 6 2 -1.2565722076945411 0.7951590072310951
11 7 2 -1.2314483453593792 0.75753385234676
11 8 2 -1.2105117934134109 0.7306587417150922
11 9 2 -1.181200620689055 0.6984086089570909
11 10 2 -1.135140206407925 0.6392833655674217
11 11 2 -1.1100163440727628 0.585533144304086
11 12 2 -1.0681432401808262 0.5586580336724181
11 13 2 -1.0304574466780834 0.5264079009144168
11 14 2 -0.9843970323969531 0.4834077239037478
11 15 2 -0.9760224116185657 0.4242824805140787
11 16 2 -0.9257746869482416 0.3920323477560774
11 17 2 -0.8755269622779178 0.3275320822400744
11 18 2 -0.8210919272184001 0.25228177247140465
11 19 2 -0.7750315129372701 0.18778150695540163
11 20 2 -0.7289710986561397 0.13940630781839927
11 21 2 -0.6912853051533968 0.09103110868139737
11 22 2 -0.6368502700938792 0.03728088741806162
11 23 2 -0.5698533038667807 -0.037969422350608614
11 24 2 -0.5028563376396818 -0.08634462148761052
11 25 2 -0.4526086129693583 -0.14009484275094627
11 26 2 -0.41911012985580887 -0.1777199976352814
11 27 2 -0.38142433635306594 -0.2153451525196165
11 28 2 -0.3395512324611294 -0.30134550654095354
11 29 2 -0.28930350779080527 -0.34972070567795543
11 30 2 -0.2599923350664494 -0.39272088268862443
11 31 2 -0.22230654156370647 -0.4357210596992929
11 32 2 -0.18043343767176998 -0.49484630308896205
11 33 2 -0.1594968857258017 -0.5700966128576318
11 34 2 -0.11762378183386521 -0.6184718119946342
11 35 2 -0.08831260910950935 -0.6722220332579699
11 36 2 -0.06737605716354109 -0.7098471881423046
11 37 2 -0.042252194828379296 -0.736722298773973
11 38 2 0.0038082194527512825 -0.8065975864163093
11 39 2 0.049868633733881326 -0.8764728740586457
11 40 2 0.09592904801501191 -0.9409731395746482
11 41 2 0.10430366879339899 -0.9839733165853173
11 42 2 0.14198946229614196 -1.0215984714696524
11 43 2 0.17130063502049783 -1.0645986484803205
11 44 2 0.20898642852324079 -1.1452239803753246
11 45 2 0.23411029085840257 -1.1828491352596595
11 46 2 0.267608773971952 -1.2473494007756623
11 47 2 0.31366918825308204 -1.3118496662916648
11 48 2 0.3387930505882438 -1.3709749096813344
11 49 2 0.3848534648693744 -1.4193501088183362
11 50 2 0.43091387915050444 -1.4999754407133403
11 51 2 0.48116160382082857 -1.5698507283556766
11 52 2 0.514660086934378 -1.6289759717453458
11 53 2 0.552345880437121 -1.6827261930086816
11 54 2 0.5732824323830892 -1.6397260159980132
11 55 2 0.6067809154966386 -1.5537256619766755
11 56 2 0.6193428466642192 -1.516100507092341
11 57 2 0.6486540193885751 -1.4408501973236707
11 58 2 0.6863398128913181 -1.3548498433023337
11 59 2 0.7407748479508357 -1.2580994450283294
11 60 2 0.7658987102859975 -1.161349046754325
11 61 2 0.799397193399547 -1.1075988254909894
11 62 2 0.8328956765130958 -1.037723537848653
11 63 2 0.8705814700158387 -0.9570982059536494
11 64 2 0.8873307115726135 -0.9033479846903136
11 65 2 0.9333911258537441 -0.8388477191743106
11 66 2 0.9459530570213247 -0.7958475421636421
11 67 2 0.9920134713024553 -0.7098471881423046
11 68 2 0.9962007816916488 -0.6722220332579699
11 69 2 1.0338865751943918 -0.5915967013629663
11 70 2 1.05482312714036 -0.5109713694679627
11 71 2 1.0883216102539095 -0.4195959933202923
11 72 2 1.1134454725890712 -0.34434568355162204
11 73 2 1.1511312660918143 -0.23147021889861713
11 74 2 1.18044243881617 -0.1562199091299469
11 75 2 1.2097536115405254 -0.09709466574027777
11 76 2 1.2641886466000432 -0.01646933384527413
11 77 2 1.2976871297135926 0.0695310201760629
11 78 2 1.339560233605529 0.14478132994473314
11 79 2 1.3688714063298848 0.21465661758706953
11 80 2 1.4233064413894025 0.30065697160840654
11 81 2 1.4693668556705326 0.4242824805140787
11 82 2 1.502865338784082 0.48878274603008165
11 83 2 1.5531130634544055 0.5801581221777525
11 84 2 1.586611546567955 0.7360337638414259
11 85 2 1.615922719292311 0.7521588302204266
11 86 2 1.6410465816274726 0.8327841621154303
11 87 2 1.6577958231842473 0.9026594497577666
11 88 2 1.6871069959086027 0.9671597152737696
11 89 2 1.720605479022152 1.0477850471687733
11 90 2 1.7541039621357015 1.1122853126847758
12 1 2 -1.6669286258355198 1.0101598922844381
12 2 2 -1.6083062803868085 0.951034648894769
12 3 2 -1.5454966245489035 0.9187845161367673
12 4 2 -1.5119981414353545 0.8542842506207647
12 5 2 -1.4575631063758367 0.8059090514837624
12 6 2 -1.4031280713163192 0.7467838080940932
12 7 2 -1.352880346645995 0.6822835425780902
12 8 2 -1.302632621975671 0.585533144304086
12 9 2 -1.2146991038026045 0.49953279028274894
12 10 2 -1.1770133102998614 0.4404075468930793
12 11 2 -1.1016417232943756 0.3705322592507429
12 12 2 -1.059768619402439 0.322157060113741
12 13 2 -1.0095208947321148 0.2684068388504053
12 14 2 -0.9508985492834037 0.20390657333440226
12 15 2 -0.9132127557806607 0.1770314627027344
12 16 2 -0.8587777207211431 0.13403128569206588
12 17 2 -0.8043426856616257 0.09640613080773076
12 18 2 -0.7666568921588828 0.04803093167072886
12 19 2 -0.687097994764203 -0.021844355971607526
12 20 2 -0.6117264077587171 -0.08634462148761052
12 21 2 -0.5321675103640378 -0.12934479849827904
12 22 2 -0.4651705441369389 -0.2422202631512844
12 23 2 -0.41492281946661536 -0.30134550654095354
12 24 2 -0.3730497155746783 -0.36047074993062267
12 25 2 -0.3228019909043547 -0.40347092694129116
12 26 2 -0.27255426623403056 -0.4679711924572942
12 27 2 -0.22230654156370647 -0.5378464800996305
12 28 2 -0.17205881689338287 -0.5915967013629663
12 29 2 -0.12599840261225229 -0.6560969668789693
12 30 2 -0.0841252987203158 -0.7152222102686384
12 31 2 -0.02550295327160459 -0.8119726085426427
12 32 2 0.012182840231138367 -0.8710978519323119
12 33 2 0.04149401295549424 -0.9194730510693142
12 34 2 0.08755442723662428 -0.9893483387116506
12 35 2 0.13780215190694842 -1.0430985599749865
12 36 2 0.15455139346372312 -1.0914737591119887
12 37 2 0.20061180774485315 -1.1559740246279913
12 38 2 0.22992298046920903 -1.2150992680176609
12 39 2 0.25923415319356435 -1.2688494892809967
12 40 2 0.29691994669630734 -1.3440997990496664
12 41 2 0.3429803609774379 -1.3978500203130022
12 42 2 0.3806661544801809 -1.4784753522080059
12 43 2 0.4099773272045362 -1.5429756177240084
12 44 2 0.44347581031808564 -1.602100861113678
12 45 2 0.47278698304244093 -1.677351170882348
12 46 2 0.5020981557667968 -1.6397260159980132
12 47 2 0.5565331908263145 -1.5644757062293428
12 48 2 0.5649078116047016 -1.510725484966007
12 49 2 0.5858443635506698 -1.4569752637026714
12 50 2 0.6277174674426068 -1.3817249539340015
12 51 2 0.6528413297777687 -1.295724599912664
12 52 2 0.6863398128913181 -1.2312243343966616
12 53 2 0.7072763648372863 -1.1452239803753246
12 54 2 0.7324002271724481 -1.1022238033646554
12 55 2 0.7826479518427722 -1.0269734935959858
12 56 2 0.8245210557347087 -0.9624732280799827
12 57 2 0.8663941596266452 -0.8979729625639802
12 58 2 0.8915180219618075 -0.8334726970479768
12 59 2 0.9292038154645506 -0.7635974094056404
12 60 2 0.9501403674105188 -0.7313472766476391
12 61 2 0.9836388505240676 -0.6668470111316366
12 62 2 1.0213246440268107 -0.607721767741967
12 63 2 1.0506358167511665 -0.5485965243522978
12 64 2 1.0841342998647159 -0.5002213252152955
12 65 2 1.121820093367459 -0.4357210596992929
12 66 2 1.1553185764810077 -0.3765958163096233
12 67 2 1.188817059594557 -0.3335956392989548
12 68 2 1.2474394050432684 -0.23147021889861713
12 69 2 1.2976871297135926 -0.16696995338261414
12 70 2 1.3353729232163354 -0.09709466574027777
12 71 2 1.3604967855514973 -0.04334444447694201
12 72 2 1.4107445102218215 0.021155821039060985
12 73 2 1.452617614113758 0.08028106442873013
12 74 2 1.4986780283948884 0.171656440576401
12 75 2 1.5573003738435995 0.2415317282187374
12 76 2 1.6075480985139232 0.33828212649274164
12 77 2 1.6494212024058597 0.44578256901941316
12 78 2 1.6996689270761838 0.5479079894197508
12 79 2 1.7457293413573145 0.644658387693755
12 80 2 1.7917897556384446 0.7467838080940932
12 81 2 1.8378501699195746 0.822034117862763
12 82 2 1.8629740322547368 0.8919094055050993
12 83 2 1.9048471361466734 0.9779097595264369
12 84 2 1.9467202400386099 1.037035002916106
12 85 2 1.9802187231521593 1.1069102905584425
13 1 3 -1.6878651777814877 -1.4506702412790557
13 2 3 -1.6376174531111638 -1.3753136457621247
13 3 3 -1.6041189699976148 -1.3161048921416791
13 4 3 -1.558058555716484 -1.2461309105902432
13 5 3 -1.5203727622137413 -1.1815395430043028
13 6 3 -1.499436210267773 -1.122330789383857
13 7 3 -1.4408138648190618 -1.025443738004946
13 8 3 -1.386378829759544 -0.9177914586950449
13 9 3 -1.3319437947000263 -0.8478174771436087
13 10 3 -1.2858833804188963 -0.7670782676611828
13 11 3 -1.2398229661377658 -0.6917216721442518
13 12 3 -1.1686386895214738 -0.6055998486963311
13 13 3 -1.1225782752403435 -0.5248606392139052
13 14 3 -1.0597686194024385 -0.4279735878349939
13 15 3 -0.9843970323969525 -0.31493869455959783
13 16 3 -0.9341493077266287 -0.2072864152496967
13 17 3 -0.8964635142238858 -0.15346027559474612
13 18 3 -0.8671523414995301 -0.08886890800880536
13 19 3 -0.8294665479967872 -0.045807996284844985
13 20 3 -0.7917807544940443 0.00801814337010559
13 21 3 -0.7540949609913012 0.061844283025056165
13 22 3 -0.7205964778777518 0.11028780871451187
13 23 3 -0.6787233739858154 0.17487917630045263
13 24 3 -0.6201010285371039 0.2502357718173836
13 25 3 -0.5614786830883925 0.3309749812998095
13 26 3 -0.519605579196456 0.40633157681674004
13 27 3 -0.46517054413693837 0.5032186281956514
13 28 3 -0.3981735779098401 0.5731926097470871
13 29 3 -0.35211316362870954 0.6377839773330278
13 30 3 -0.29767812856919185 0.7346710287119388
13 31 3 -0.25999233506644887 0.7831145544013944
13 32 3 -0.23486847273128708 0.8584711499183251
13 33 3 -0.19718267922854413 0.9069146756077807
13 34 3 -0.1636841961149947 0.9553582012972364
13 35 3 -0.10924916105547705 1.0253321828486721
13 36 3 -0.07575067794192764 1.0899235504346128
13 37 3 -0.04225219482837876 1.1383670761240685
13 38 3 -3.79090936441722E-4 1.1921932157790192
13 39 3 0.03730670256630124 1.2514019693994645
13 40 3 0.07499249606904419 1.305228109054415
13 41 3 0.10011635840420599 1.3590542487093658
13 42 3 0.12942753112856187 1.3536716347438709
13 43 3 0.18386256618807953 1.294462881123425
13 44 3 0.22154835969082248 1.2460193554339698
13 45 3 0.27179608436114605 1.1868106018135238
13 46 3 0.3220438090314702 1.122219234227583
13 47 3 0.35972960253421316 1.0683930945726325
13 48 3 0.40160270642614965 0.9876538850902066
13 49 3 0.42672656876131143 0.9445929733662463
13 50 3 0.47278698304244204 0.8746189918148105
13 51 3 0.5397839492695403 0.7884971683668893
13 52 3 0.5732824323830897 0.7400536426774341
13 53 3 0.6151555362750263 0.6754622750914934
13 54 3 0.6570286401669633 0.6270187494020376
13 55 3 0.6989017440588998 0.5516621538851066
13 56 3 0.7617113998968045 0.4709229444026808
13 57 3 0.8203337453455157 0.39556634888575026
13 58 3 0.8705814700158399 0.34712282319629456
13 59 3 0.8998926427401958 0.28791406957584864
13 60 3 0.9292038154645511 0.22332270198990833
13 61 3 0.966889608967294 0.17487917630045263
13 62 3 1.0003880920808434 0.12105303664550207
13 63 3 1.0590104375295546 0.061844283025056165
13 64 3 1.092508920643104 0.0026355294046107145
13 65 3 1.1469439557026218 -0.06733845214682495
13 66 3 1.2097536115405265 -0.12654720576727085
13 67 3 1.243252094654076 -0.2180516431806869
13 68 3 1.310249060881174 -0.2987908526631128
13 69 3 1.3646840959406918 -0.3956779040420237
13 70 3 1.4107445102218223 -0.49794756938643
13 71 3 1.452617614113759 -0.5679215509378657
13 72 3 1.498678028394889 -0.6594259883512817
13 73 3 1.540551132286826 -0.7186347419717272
13 74 3 1.578236925789569 -0.777843495592173
13 75 3 1.6201100296815054 -0.8585827050745989
13 76 3 1.6661704439626355 -0.950087142488015
13 77 3 1.7206054790221532 -1.0308263519704408
13 78 3 1.795977066027639 -1.1869221569697976
13 79 3 1.8378501699195755 -1.2622787524867287
13 80 3 1.8755359634223185 -1.3430179619691545
13 81 3 1.9299709984818363 -1.4345223993825702
13 82 3 1.967656791984579 -1.493731153003016
13 83 3 2.0179045166549034 -1.552939906623462
14 1 3 -1.3696295882027694 -1.6875052557608383
14 2 3 -1.3445057258676076 -1.6013834323129172
14 3 3 -1.3319437947000263 -1.5475572926579666
14 4 3 -1.3193818635324457 -1.5044963809340062
14 5 3 -1.302632621975671 -1.4560528552445506
14 6 3 -1.2733214492513152 -1.3699310317966298
14 7 3 -1.2481975869161535 -1.289191822314204
14 8 3 -1.2230737245809917 -1.208452612831778
14 9 3 -1.1979498622458293 -1.138478631280342
14 10 3 -1.1853879310782485 -1.0738872636944017
14 11 3 -1.1602640687430865 -1.0039132821429655
14 12 3 -1.1225782752403435 -0.9070262307640546
14 13 3 -1.1016417232943752 -0.8424348631781139
14 14 3 -1.089079792126794 -0.7886087235231632
14 15 3 -1.0555813090132449 -0.7078695140407374
14 16 3 -1.0346447570672768 -0.6378955324893013
14 17 3 -1.0095208947321146 -0.5679215509378657
14 18 3 -0.9843970323969525 -0.4925649554209351
14 19 3 -0.9760224116185652 -0.45488665766246916
14 20 3 -0.9383366181158223 -0.37953006214553864
14 21 3 -0.917400066169854 -0.32032130852509316
14 22 3 -0.8964635142238858 -0.2503473269736571
14 23 3 -0.8755269622779175 -0.2072864152496967
14 24 3 -0.8252792376075934 -0.11578197783628064
14 25 3 -0.7875934441048504 -0.024277540422864573
14 26 3 -0.7666568921588822 0.03493121319758088
14 27 3 -0.7164091674885583 0.12643565061099693
14 28 3 -0.6829106843750089 0.22332270198990833
14 29 3 -0.645224890872266 0.29867929750683886
14 30 3 -0.6242883389262978 0.3578880511272848
14 31 3 -0.5782279246451673 0.4170968047477302
14 32 3 -0.5321675103640372 0.5139838561266412
14 33 3 -0.5028563376396813 0.6001056795745624
14 34 3 -0.46098323374774486 0.6916101169879785
14 35 3 -0.4232974402450019 0.7669667125049094
14 36 3 -0.41073550907742074 0.8100276242288698
14 37 3 -0.3772370259638718 0.8800016057803054
14 38 3 -0.33117661168274126 0.933827745435256
14 39 3 -0.310240059736773 1.009184340952187
14 40 3 -0.2767415766232236 1.0630104806071377
14 41 3 -0.23905578312048065 1.1383670761240685
14 42 3 -0.22230654156370594 1.181427987848029
14 43 3 -0.20555730000693123 1.2244888995719894
14 44 3 -0.17205881689338234 1.28908026715793
14 45 3 -0.1301857130014453 1.3590542487093658
14 46 3 -0.0883126091095088 1.4344108442262966
14 47 3 -0.05481412599595939 1.3805847045713462
14 48 3 -0.02131564288240997 1.3213759509509002
14 49 3 0.02474477139872007 1.2621671973304547
14 50 3 0.06661787529065658 1.202958443710009
14 51 3 0.12524022073936777 1.1329844621585732
14 52 3 0.17130063502049836 1.0899235504346128
14 53 3 0.21317373891243485 1.0414800247451572
14 54 3 0.25085953241517783 0.9661234292282266
14 55 3 0.28435801552872725 0.912297289573276
14 56 3 0.33460574019905137 0.8154102381943646
14 57 3 0.37647884409098786 0.7400536426774341
14 58 3 0.3890407752585685 0.6969927309534732
14 59 3 0.42672656876131143 0.6324013633675325
14 60 3 0.46022505187486085 0.5893404516435722
14 61 3 0.4853489142100232 0.5355143119886215
14 62 3 0.510472776545185 0.4978360142301561
14 63 3 0.5481585700479279 0.41171419078223537
14 64 3 0.5858443635506709 0.3255923673343142
14 65 3 0.6235301570534139 0.2771488416448589
14 66 3 0.6612159505561568 0.217940088024413
14 67 3 0.6947144336697062 0.15334872043847222
14 68 3 0.7658987102859981 0.061844283025056165
14 69 3 0.8203337453455157 -0.05657322421583519
14 70 3 0.845457607680678 -0.09425152197430023
14 71 3 0.8663941596266463 -0.11578197783628064
14 72 3 0.8873307115726146 -0.16422550352573634
14 73 3 0.920829194686164 -0.1965211873187065
14 74 3 0.9543276777997128 -0.2826430107666277
14 75 3 1.0003880920808434 -0.36338222024905353
14 76 3 1.0506358167511676 -0.4172083599040041
14 77 3 1.1008835414214913 -0.4764171135244496
14 78 3 1.1260074037566534 -0.49794756938643
14 79 3 1.1846297492053648 -0.5679215509378657
14 80 3 1.2223155427081076 -0.6271303045583115
14 81 3 1.251626715432463 -0.6648086023167766
14 82 3 1.2934998193244 -0.7186347419717272
14 83 3 1.3395602336055301 -0.799373951454153
14 84 3 1.377246027108273 -0.8801131609365793
14 85 3 1.4191191310002096 -0.9177914586950449
14 86 3 1.4484303037245654 -0.9716175983499954
14 87 3 1.4903034076165018 -1.0469741938669264
14 88 3 1.540551132286826 -1.1438612452458368
14 89 3 1.5949861673463437 -1.2461309105902432
14 90 3 1.6201100296815054 -1.3376353480036596
14 91 3 1.6661704439626355 -1.4183745574860855
14 92 3 1.6871069959086038 -1.461435469210046
14 93 3 1.7247927894113466 -1.5152616088649964
14 94 3 1.737354720578928 -1.5583225205889568
14 95 3 1.7750405140816707 -1.6121486602439075
14 96 3 1.8085389971952202 -1.6552095719678677
14 97 3 1.8420374803087696 -1.7090357116228183
15 1 3 -1.5454966245489035 -1.4722006971410362
15 2 3 -1.524560072602935 -1.396844101624105
15 3 3 -1.486874279100192 -1.326870120072669
15 4 3 -1.4366265544298682 -1.2461309105902432
15 5 3 -1.4115026920947062 -1.1546264731768274
15 6 3 -1.3696295882027694 -1.0685046497289064
15 7 3 -1.3235691739216393 -1.0039132821429655
15 8 3 -1.2942580011972835 -0.950087142488015
15 9 3 -1.2607595180837345 -0.8801131609365793
15 10 3 -1.214699103802604 -0.7670782676611828
15 11 3 -1.1728259999106674 -0.6917216721442518
15 12 3 -1.1351402064079243 -0.5786867788688559
15 13 3 -1.0974544129051815 -0.49794756938643
15 14 3 -1.0472066882348576 -0.4064431319730139
15 15 3 -1.0262701362888893 -0.36338222024905353
15 16 3 -0.9969589635645337 -0.28802562473212256
15 17 3 -0.9508985492834034 -0.2180516431806869
15 18 3 -0.9341493077266287 -0.158842889560241
15 19 3 -0.892276203834692 -0.08348629404331047
15 20 3 -0.854590410331949 -0.013512312491874368
15 21 3 -0.8210919272183999 0.04569644112857108
15 22 3 -0.7834061337156569 0.12643565061099693
15 23 3 -0.7373457194345265 0.22870531595540322
15 24 3 -0.6870979947642027 0.33635759526530434
15 25 3 -0.645224890872266 0.4170968047477302
15 26 3 -0.6201010285371039 0.4709229444026808
15 27 3 -0.5866025454235547 0.5139838561266412
15 28 3 -0.5489167519208119 0.5893404516435722
15 29 3 -0.5070436480288749 0.6808448890569883
15 30 3 -0.46517054413693837 0.7239058007809486
15 31 3 -0.43167206102338895 0.7777319404358991
15 32 3 -0.41073550907742074 0.84232330802184
15 33 3 -0.3604877844070971 0.9445929733662463
15 34 3 -0.3018654389583859 1.0360974107796623
15 35 3 -0.25580502467725535 1.1276018481930783
15 36 3 -0.21393192078531884 1.1868106018135238
15 37 3 -0.19718267922854413 1.2460193554339698
15 38 3 -0.15949688572580117 1.3213759509509002
15 39 3 -0.1301857130014453 1.364436862674861
15 40 3 -0.09668722988789642 1.4182630023298117
15 41 3 -0.04225219482837876 1.5205326676742175
15 42 3 -0.012941022104022887 1.4667065280192668
15 43 3 0.020557461009526528 1.4074977743988215
15 44 3 0.058243254512269485 1.3536716347438709
15 45 3 0.10430366879339953 1.2836976531924351
15 46 3 0.18804987657727307 1.2191062856064945
15 47 3 0.22154835969082248 1.1652801459515438
15 48 3 0.26760877397195254 1.0899235504346128
15 49 3 0.30110725708550196 1.0522452526761474
15 50 3 0.3513549817558255 0.9930364990557019
15 51 3 0.3890407752585685 0.9230625175042658
15 52 3 0.43091387915050555 0.8746189918148105
15 53 3 0.47278698304244204 0.7884971683668893
15 54 3 0.5062854661559915 0.7077579588844635
15 55 3 0.5439712596587344 0.6270187494020376
15 56 3 0.5774697427722832 0.5893404516435722
15 57 3 0.6151555362750263 0.5462795399196118
15 58 3 0.6570286401669633 0.4655403304371859
15 59 3 0.6905271232805121 0.40094896285124515
15 60 3 0.7324002271724492 0.35250543716178945
15 61 3 0.7742733310643857 0.29867929750683886
15 62 3 0.8077718141779351 0.2394705438863934
15 63 3 0.8580195388482587 0.1964096321624326
15 64 3 0.8998926427401958 0.08337473888703657
15 65 3 0.9585149881889069 -0.002747084560884614
15 66 3 1.0003880920808434 -0.05657322421583519
15 67 3 1.0296992648051988 -0.13731243369826104
15 68 3 1.079946989475523 -0.16422550352573634
15 69 3 1.1260074037566534 -0.2234342571461818
15 70 3 1.1804424388161705 -0.27187778283563746
15 71 3 1.2181282323189135 -0.33646915042157827
15 72 3 1.2683759569892377 -0.3956779040420237
15 73 3 1.2934998193244 -0.4495040436969743
15 74 3 1.3479348543839171 -0.5194780252484104
15 75 3 1.3856206478866602 -0.5786867788688559
15 76 3 1.406557199832629 -0.6163650766273213
15 77 3 1.4484303037245654 -0.686339058178757
15 78 3 1.5028653387840831 -0.7670782676611828
15 79 3 1.5698623050111813 -0.8478174771436087
15 80 3 1.611735408903118 -0.9339393005915299
15 81 3 1.6577958231842485 -0.9823828262809852
15 82 3 1.6996689270761849 -1.0523568078324212
15 83 3 1.7415420309681213 -1.1546264731768274
15 84 3 1.7750405140816707 -1.208452612831778
15 85 3 1.8127263075844138 -1.2784265943832138
15 86 3 1.8545994114763502 -1.3484005759346493
15 87 3 1.8880978945898996 -1.4129919435205902
15 88 3 1.9299709984818363 -1.493731153003016
15 89 3 1.967656791984579 -1.552939906623462
15 90 3 2.0053425854873224 -1.6067660462784126
15 91 3 2.0555903101576463 -1.676740027829848
16 1 3 -1.4198773128730935 -1.6282965021403926
16 2 3 -1.3989407609271252 -1.574470362485442
16 3 3 -1.3612549674243823 -1.4991137669685113
16 4 3 -1.315194553143252 -1.3806962597276196
16 5 3 -1.2816960700297029 -1.2784265943832138
16 6 3 -1.2523848973053469 -1.1761569290388074
16 7 3 -1.214699103802604 -1.0954177195563817
16 8 3 -1.189575241467442 -1.041591579901431
16 9 3 -1.151889447964699 -0.9608523704190052
16 10 3 -1.1142036544619562 -0.8693479330055891
16 11 3 -1.093267102515988 -0.8101391793851437
16 12 3 -1.0681432401808257 -0.7509304257646978
16 13 3 -1.0262701362888893 -0.670191216282272
16 14 3 -0.9843970323969525 -0.5786867788688559
16 15 3 -0.9634604804509843 -0.5248606392139052
16 16 3 -0.9341493077266287 -0.4764171135244496
16 17 3 -0.8964635142238858 -0.401060518007519
16 18 3 -0.8755269622779175 -0.35261699231806337
16 19 3 -0.8587777207211428 -0.30417346662860767
16 20 3 -0.816904616829206 -0.22881687111167712
16 21 3 -0.770844202548076 -0.158842889560241
16 22 3 -0.7499076506021075 -0.09963413593979556
16 23 3 -0.7122218570993645 -0.040425382319349654
16 24 3 -0.6829106843750089 0.024165985266590674
16 25 3 -0.6326629597046851 0.11567042268000674
16 26 3 -0.6033517869803294 0.18026179026594752
16 27 3 -0.5614786830883925 0.2663836137138687
16 28 3 -0.5321675103640372 0.3309749812998095
16 29 3 -0.4986690272504878 0.39018373492025493
16 30 3 -0.4400466818017766 0.4978360142301561
16 31 3 -0.37304971557467775 0.6108709075055525
16 32 3 -0.3269893012935477 0.7077579588844635
16 33 3 -0.27255426623403006 0.7777319404358991
16 34 3 -0.2264938519529 0.8584711499183251
16 35 3 -0.18880805845015705 0.949975587331741
16 36 3 -0.14693495455822 1.0199495688831772
16 37 3 -0.10506185066628351 1.0899235504346128
16 38 3 -0.05481412599595939 1.1706627599170387
16 39 3 -0.03806488443918468 1.1868106018135238
16 40 3 0.0038082194527518202 1.2675498112959496
16 41 3 0.02474477139872007 1.294462881123425
16 42 3 0.058243254512269485 1.369819476640356
16 43 3 0.09592904801501244 1.4505586861227817
16 44 3 0.1336148415177554 1.369819476640356
16 45 3 0.16711332463130482 1.294462881123425
16 46 3 0.22573567008001602 1.197575829744514
16 47 3 0.27179608436114605 1.1060713923310979
16 48 3 0.36391691292340667 1.014566954917682
16 49 3 0.42672656876131143 0.933827745435256
16 50 3 0.4811616038208291 0.8154102381943646
16 51 3 0.5230347077127662 0.7346710287119388
16 52 3 0.5649078116047026 0.6593144331950078
16 53 3 0.6067809154966392 0.5893404516435722
16 54 3 0.6486540193885757 0.4978360142301561
16 55 3 0.7156509856156745 0.36865327905827455
16 56 3 0.757524089507611 0.2825314556103538
16 57 3 0.7993971933995475 0.20179224612792793
16 58 3 0.8538322284590651 0.12643565061099693
16 59 3 0.9166418842969699 0.061844283025056165
16 60 3 0.9710769193564875 -0.008129698526379492
16 61 3 1.0087627128592305 -0.07810368007781515
16 62 3 1.071572368697136 -0.158842889560241
16 63 3 1.1343820245350407 -0.23958209904266686
16 64 3 1.1846297492053648 -0.309556080594103
16 65 3 1.2265028530973012 -0.37414744818004375
16 66 3 1.2725632673784313 -0.45488665766246916
16 67 3 1.3395602336055301 -0.5248606392139052
16 68 3 1.414931820611016 -0.5840693928343508
16 69 3 1.4484303037245654 -0.6648086023167766
16 70 3 1.5154272699516638 -0.7347825838682127
16 71 3 1.5489257530652132 -0.8047565654196484
16 72 3 1.6033607881247307 -0.8693479330055891
16 73 3 1.6536085127950548 -0.9716175983499954
16 74 3 1.6912943062977979 -1.0577394217979161
16 75 3 1.7122308582437662 -1.1169481754183617
16 76 3 1.7541039621357026 -1.208452612831778
16 77 3 1.7917897556384454 -1.3161048921416791
16 78 3 1.8504121010871568 -1.3860788736931149
16 79 3 1.8880978945898996 -1.509878994899501
16 80 3 1.9425329296494174 -1.6067660462784126
16 81 3 1.9844060335413538 -1.6875052557608383
16 82 3 2.0304664478224845 -1.7467140093812838
17 1 3 -1.2105117934134104 -1.7520966233467787
17 2 3 -1.1853879310782485 -1.6444443440368777
17 3 3 -1.1770133102998612 -1.574470362485442
17 4 3 -1.151889447964699 -1.4991137669685113
17 5 3 -1.126765585629537 -1.4399050133480655
17 6 3 -1.1100163440727626 -1.3806962597276196
17 7 3 -1.0807051713484068 -1.3053396642106891
17 8 3 -1.0639559297916323 -1.229983068693758
17 9 3 -1.0430193778456638 -1.170774315073312
17 10 3 -0.9969589635645337 -1.0738872636944017
17 11 3 -0.9843970323969525 -0.9877654402464805
17 12 3 -0.9383366181158223 -0.9231740726605397
17 13 3 -0.9257746869482414 -0.8532000911091036
17 14 3 -0.892276203834692 -0.7724608816266777
17 15 3 -0.8755269622779175 -0.686339058178757
17 16 3 -0.8294665479967872 -0.5840693928343508
17 17 3 -0.8127173064400125 -0.514095411282915
17 18 3 -0.8001553752724316 -0.4656518855934598
17 19 3 -0.7666568921588822 -0.37414744818004375
17 20 3 -0.7373457194345265 -0.32032130852509316
17 21 3 -0.708034546710171 -0.2234342571461818
17 22 3 -0.670348753207428 -0.13731243369826104
17 23 3 -0.6201010285371039 -0.008129698526379492
17 24 3 -0.5907898558127483 0.056461669059561286
17 25 3 -0.5866025454235547 0.10490519474901698
17 26 3 -0.5531040623100054 0.15334872043847222
17 27 3 -0.5321675103640372 0.19102701819693774
17 28 3 -0.511230958418069 0.2502357718173836
17 29 3 -0.47773247530451957 0.31482713940332396
17 30 3 -0.44842130258016366 0.39018373492025493
17 31 3 -0.4149228194666148 0.45477510250619574
17 32 3 -0.3981735779098401 0.4978360142301561
17 33 3 -0.3604877844070971 0.5893404516435722
17 34 3 -0.3186146805151601 0.6593144331950078
17 35 3 -0.3018654389583859 0.7292884147464439
17 36 3 -0.2516177142880618 0.8154102381943646
17 37 3 -0.2097446103961253 0.9176799035387709
17 38 3 -0.17624612728257588 0.9930364990557019
17 39 3 -0.15949688572580117 1.0414800247451572
17 40 3 -0.12599840261225176 1.1060713923310979
17 41 3 -0.09668722988789642 1.1598975319860485
17 42 3 -0.06318874677434701 1.2352541275029796
17 43 3 -0.01712833249321643 1.3267585649163955
17 44 3 0.03311939217710715 1.4128803883643164
17 45 3 0.06661787529065658 1.4936195978467421
17 46 3 0.09592904801501244 1.5689761933636732
17 47 3 0.12524022073936777 1.5043848257777324
17 48 3 0.1503640830745301 1.4344108442262966
17 49 3 0.18386256618807953 1.369819476640356
17 50 3 0.21317373891243485 1.2998454950889202
17 51 3 0.23829760124759666 1.2460193554339698
17 52 3 0.26760877397195254 1.1760453738825336
17 53 3 0.30529456747469547 1.0953061644001076
17 54 3 0.34298036097743845 1.009184340952187
17 55 3 0.3806661544801814 0.933827745435256
17 56 3 0.42672656876131143 0.8530885359528302
17 57 3 0.45603774148566734 0.7723493264704043
17 58 3 0.5146600869343785 0.6808448890569883
17 59 3 0.556533190826315 0.5893404516435722
17 60 3 0.5690951219938962 0.5301316980231267
17 61 3 0.5858443635506709 0.4655403304371859
17 62 3 0.6067809154966392 0.41171419078223537
17 63 3 0.6402793986101886 0.3309749812998095
17 64 3 0.673777881723738 0.2502357718173836
17 65 3 0.6989017440588998 0.17487917630045263
17 66 3 0.7282129167832551 0.08875735285253145
17 67 3 0.7742733310643857 0.00801814337010559
17 68 3 0.8119591245671286 -0.07272106611232027
17 69 3 0.8580195388482587 -0.14807766162925126
17 70 3 0.9166418842969699 -0.2557299409391524
17 71 3 0.9543276777997128 -0.33108653645608294
17 72 3 0.9752642297456816 -0.37953006214553864
17 73 3 1.0003880920808434 -0.43873881576598456
17 74 3 1.0422611959727799 -0.48718234145543976
17 75 3 1.0673850583079418 -0.5463910950758857
17 76 3 1.1092581621998787 -0.6217476905928166
17 77 3 1.130194714145847 -0.6917216721442518
17 78 3 1.176255128426977 -0.7401651978337076
17 79 3 1.2181282323189135 -0.8155217933506386
17 80 3 1.2767505777676253 -0.8962610028330644
17 81 3 1.3186236816595618 -0.9770002123154903
17 82 3 1.3479348543839171 -1.0523568078324212
17 83 3 1.3981825790542413 -1.149243859211332
17 84 3 1.4358683725569843 -1.2192178407627678
17 85 3 1.46517954528134 -1.2568961385212334
17 86 3 1.4944907180056954 -1.3430179619691545
17 87 3 1.5447384426760196 -1.4345223993825702
17 88 3 1.5698623050111813 -1.509878994899501
17 89 3 1.6075480985139243 -1.5852355904164321
17 90 3 1.6452338920166674 -1.660592185933363
17 91 3 1.6661704439626355 -1.7144183255883136
17 92 3 1.6954816166869915 -1.7736270792087592
18 1 3 -1.2691341388621216 -1.8866619724841556
18 2 3 -1.2607595180837345 -1.8274532188637096
18 3 3 -1.2481975869161535 -1.757479237312274
18 4 3 -1.214699103802604 -1.682122641795343
18 5 3 -1.189575241467442 -1.590618204381927
18 6 3 -1.1728259999106674 -1.5152616088649964
18 7 3 -1.1142036544619562 -1.396844101624105
18 8 3 -1.0848924817376004 -1.3161048921416791
18 9 3 -1.0639559297916323 -1.2407482966247483
18 10 3 -1.030457446678083 -1.170774315073312
18 11 3 -1.0095208947321146 -1.0900351055908863
18 12 3 -0.980209722007759 -1.0146785100739557
18 13 3 -0.9467112388942096 -0.9339393005915299
18 14 3 -0.9257746869482414 -0.837052249212619
18 15 3 -0.8755269622779175 -0.7401651978337076
18 16 3 -0.8504030999427554 -0.6809564442132621
18 17 3 -0.8294665479967872 -0.6055998486963311
18 18 3 -0.7959680648832378 -0.5248606392139052
18 19 3 -0.7415330298237202 -0.4118257459385088
18 20 3 -0.7164091674885583 -0.33646915042157827
18 21 3 -0.6787233739858154 -0.2503473269736571
18 22 3 -0.6619741324290407 -0.18037334542222141
18 23 3 -0.6242883389262978 -0.07272106611232027
18 24 3 -0.5782279246451673 0.01340075733560092
18 25 3 -0.5531040623100054 0.08337473888703657
18 26 3 -0.511230958418069 0.18026179026594752
18 27 3 -0.4819197856937131 0.2556183857828785
18 28 3 -0.44423399219097015 0.34174020923079923
18 29 3 -0.40236088829903366 0.4440098745752055
18 30 3 -0.3646750947962907 0.5301316980231267
18 31 3 -0.33117661168274126 0.6108709075055525
18 32 3 -0.3060527493475795 0.7239058007809486
18 33 3 -0.28930350779080477 0.7723493264704043
18 34 3 -0.23905578312048065 0.8530885359528302
18 35 3 -0.1929953688393506 0.9553582012972364
18 36 3 -0.1636841961149947 1.0199495688831772
18 37 3 -0.1301857130014453 1.0953061644001076
18 38 3 -0.10087454027708997 1.1652801459515438
18 39 3 -0.050626815606765845 1.2783150392269398
18 40 3 -0.01712833249321643 1.3482890207783755
18 41 3 -3.79090936441722E-4 1.4021151604333262
18 42 3 0.03311939217710715 1.4667065280192668
18 43 3 0.058243254512269485 1.3967325464678313
18 44 3 0.10430366879339953 1.3159933369854053
18 45 3 0.1336148415177554 1.2460193554339698
18 46 3 0.16292601424211073 1.1598975319860485
18 47 3 0.20479911813404778 1.0899235504346128
18 48 3 0.24667222202598427 1.0038017269866917
18 49 3 0.28435801552872725 0.8961494476767905
18 50 3 0.31785649864227666 0.7992623962978795
18 51 3 0.33460574019905137 0.7615840985394141
18 52 3 0.3555422921450196 0.7077579588844635
18 53 3 0.3974153960369561 0.6216361354365427
18 54 3 0.43091387915050555 0.5408969259541164
18 55 3 0.45185043109647377 0.4924534002646612
18 56 3 0.47278698304244204 0.43862726060971063
18 57 3 0.5062854661559915 0.38480112095476005
18 58 3 0.5649078116047026 0.2771488416448589
18 59 3 0.5816570531614773 0.19102701819693774
18 60 3 0.6109682258858327 0.12105303664550207
18 61 3 0.6486540193885757 0.04569644112857108
18 62 3 0.6654032609453504 0.0026355294046107145
18 63 3 0.6821525025021251 -0.040425382319349654
18 64 3 0.7114636752264809 -0.07272106611232027
18 65 3 0.7449621583400298 -0.16422550352573634
18 66 3 0.7868352622319669 -0.234199485077172
18 67 3 0.8119591245671286 -0.32032130852509316
18 68 3 0.8370829869022904 -0.36338222024905353
18 69 3 0.8663941596266463 -0.4118257459385088
18 70 3 0.8957053323510017 -0.4710344995589547
18 71 3 0.9292038154645511 -0.5840693928343508
18 72 3 0.9710769193564875 -0.686339058178757
18 73 3 0.9836388505240687 -0.7347825838682127
18 74 3 1.0255119544160052 -0.799373951454153
18 75 3 1.0590104375295546 -0.8693479330055891
18 76 3 1.0757596790863293 -0.9070262307640546
18 77 3 1.1050708518106847 -0.9554697564535098
18 78 3 1.1260074037566534 -0.9985306681774707
18 79 3 1.1553185764810088 -1.063122035763411
18 80 3 1.176255128426977 -1.1115655614528668
18 81 3 1.21394092192972 -1.1815395430043028
18 82 3 1.255814025821657 -1.2784265943832138
18 83 3 1.2683759569892377 -1.3322527340381642
18 84 3 1.3060617504919807 -1.4022267155896
18 85 3 1.3479348543839171 -1.4506702412790557
18 86 3 1.377246027108273 -1.509878994899501
18 87 3 1.4023698894434349 -1.569087748519947
18 88 3 1.4442429933353718 -1.6659747998988579
18 89 3 1.452617614113759 -1.7251835535193034
18 90 3 1.46517954528134 -1.7897749211052447
18 91 3 1.4568049245029524 -1.8920445864496505
