1 1 1 0.3421972205305417 -1.594004942648406
1 2 1 0.3490627644881473 -1.4250704156116172
1 3 1 0.3353316765729366 -1.2647991976536381
1 4 1 0.3559283084457524 -1.0915330160774444
1 5 1 0.3559283084457524 -0.9225984890406556
1 6 1 0.35249553646694987 -0.7709905801614865
1 7 1 0.3490627644881473 -0.5847294349670782
1 8 1 0.37309216833976566 -0.4634431078637429
1 9 1 0.37309216833976566 -0.35515174437862146
1 10 1 0.3765249403185682 -0.2988402353663585
1 11 1 0.37309216833976566 -0.22953376273588116
1 12 1 0.37309216833976566 -0.10824743563254578
1 13 1 0.3765249403185682 -0.043272617541472956
1 14 1 0.39368880021258146 0.07801370956186243
1 15 1 0.39368880021258146 0.16897845488936405
1 16 1 0.37995771229737074 0.22962161844103196
1 17 1 0.37309216833976566 0.30325974561091423
1 18 1 0.38682325625497577 0.38556118185960603
1 19 1 0.38682325625497577 0.4765259271871076
1 20 1 0.3833904842761732 0.5718223270540143
1 21 1 0.3696593963609631 0.6541237633027059
1 22 1 0.37995771229737074 0.7190985813937788
1 23 1 0.3902560282337789 0.7970683631030661
1 24 1 0.37995771229737074 0.8880331084305677
1 25 1 0.37309216833976566 1.009319435533903
1 26 1 0.3765249403185682 1.117610799019024
1 27 1 0.34562999250934423 1.1869172716495013
1 28 1 0.3559283084457524 1.2518920897405743
1 29 1 0.3765249403185682 1.3645151077651
1 30 1 0.35936108042455495 1.4294899258561726
2 1 1 0.6442811546651733 -1.403412142914593
2 2 1 0.70607105028362 -1.4423970337692367
2 3 1 0.7644281739232649 -1.4813819246238802
2 4 1 0.8227852975629097 -1.5203668154785237
2 5 1 0.8674113332873439 -1.5810099790301912
2 6 1 0.9360667728633962 -1.6199948698848352
2 7 1 0.987558352545436 -1.6589797607394785
2 8 1 1.021886072333462 -1.5506883972543575
2 9 1 1.0184533003546594 -1.4467286883086414
2 10 1 1.0150205283758569 -1.3730905611387592
2 11 1 1.03218438826987 -1.2864574703506626
2 12 1 1.0253188443122645 -1.1998243795625654
2 13 1 1.03218438826987 -1.130517906932088
2 14 1 1.0459154761850802 -1.0525481252228013
2 15 1 1.052781020142686 -0.970246688974109
2 16 1 1.0493482481638834 -0.8619553254889881
2 17 1 1.0802431959731067 -0.7969805073979153
2 18 1 1.0802431959731067 -0.7450006529250572
2 19 1 1.0630793360790936 -0.6497042530581506
2 20 1 1.0733776520155016 -0.5630711622700539
2 21 1 1.0733776520155016 -0.4937646896395766
2 22 1 1.0768104239943042 -0.4114632533908844
2 23 1 1.0699448800366986 -0.35515174437862146
2 24 1 1.09740705586712 -0.29450858082695397
2 25 1 1.0836759679519092 -0.17755390826302314
2 26 1 1.0802431959731067 -0.06926254477790217
2 27 1 1.0768104239943042 0.008707236931385066
2 28 1 1.066512108057896 0.11699860041650605
2 29 1 1.066512108057896 0.20363169120460273
2 30 1 1.0768104239943042 0.2642748547562706
2 31 1 1.0733776520155016 0.37689787278079656
2 32 1 1.0871087399307118 0.4721942726477027
2 33 1 1.0768104239943042 0.5934805997510385
2 34 1 1.09740705586712 0.7234302359331838
2 35 1 1.0939742838883175 0.8143949812606853
2 36 1 1.09740705586712 0.8837014538911627
2 37 1 1.1008398278459226 0.9789978537580694
2 38 1 1.104272599824725 1.0872892172431903
2 39 1 1.09740705586712 1.1912489261889063
2 40 1 1.0871087399307118 1.256223744279979
2 41 1 1.09740705586712 1.3211985623710516
2 42 1 1.09740705586712 1.4078316531591484
3 1 1 0.69233996236841 -1.4900452337026897
3 2 1 0.7403987700716466 -1.5506883972543575
3 3 1 0.8056214376688965 -1.6113315608060255
3 4 1 0.8777096492237514 -1.6676430698182885
3 5 1 0.8845751931813571 -1.5376934336361432
3 6 1 0.8708441052661464 -1.3730905611387592
3 7 1 0.8674113332873439 -1.2691308521930431
3 8 1 0.8674113332873439 -1.1565078341685173
3 9 1 0.8708441052661464 -1.0612114343016106
3 10 1 0.8708441052661464 -0.9659150344347041
3 11 1 0.8674113332873439 -0.8576236709495831
3 12 1 0.8742768772449488 -0.7406689983856523
3 13 1 0.8811424212025546 -0.6020560531246976
3 14 1 0.8845751931813571 -0.5154229623366005
3 15 1 0.8845751931813571 -0.38980498069386016
3 16 1 0.8983062810965672 -0.27718196266933426
3 17 1 0.8948735091177646 -0.19921218096004742
3 18 1 0.8948735091177646 -0.0865891629355215
3 19 1 0.8983062810965672 -0.004287726686829741
3 20 1 0.9086045970329754 0.0866770186406719
3 21 1 0.9017390530753704 0.17764176396817352
3 22 1 0.9086045970329754 0.28160147291389
3 23 1 0.9120373690117779 0.37689787278079656
3 24 1 0.9120373690117779 0.46353096356889323
3 25 1 0.918902912969383 0.5501640543569899
3 26 1 0.9154701409905804 0.6367971451450867
3 27 1 0.9326340008845937 0.7234302359331838
3 28 1 0.9292012289057912 0.7927367085636611
3 29 1 0.9086045970329754 0.8707064902729483
3 30 1 0.9360667728633962 0.9833295082974742
3 31 1 0.9292012289057912 1.0786259081643803
3 32 1 0.9463650887998044 1.1869172716495013
3 33 1 0.9360667728633962 1.2605553988193836
3 34 1 0.9360667728633962 1.3385251805286709
3 35 1 0.9326340008845937 1.4034999986197438
4 1 1 0.08130655014154217 -1.3600955975205449
4 2 1 0.14996198971759458 -1.412075451993403
4 3 1 0.2083191133572394 -1.464055306466261
4 4 1 0.2975711848061076 -1.5376934336361432
4 5 1 0.3902560282337789 -1.6113315608060255
4 6 1 0.43144929197941045 -1.5333617790967382
4 7 1 0.4211509760430023 -1.4164071065328077
4 8 1 0.4211509760430023 -1.2907891248900674
4 9 1 0.42801652000060736 -1.1391812160108976
4 10 1 0.4142854320853972 -1.0005682707499428
4 11 1 0.4005543441701865 -0.8749502891072025
4 12 1 0.38682325625497577 -0.7666589256220815
4 13 1 0.3696593963609631 -0.6280459803611264
4 14 1 0.3696593963609631 -0.5457445441124346
4 15 1 0.3696593963609631 -0.4591114533243379
4 16 1 0.36622662438215997 -0.3811416716150507
4 17 1 0.3627938524033575 -0.30750354444516836
4 18 1 0.3627938524033575 -0.21653879911766674
4 19 1 0.3559283084457524 -0.0865891629355215
4 20 1 0.34562999250934423 0.017370546010194533
4 21 1 0.33876444855173915 0.0996719822588867
4 22 1 0.31816781667892335 0.225289963901627
4 23 1 0.3216005886577259 0.3465762910049624
4 24 1 0.3078695007425158 0.4721942726477027
4 25 1 0.31816781667892335 0.6108072179086579
4 26 1 0.32503336063652905 0.6844453450785402
4 27 1 0.3216005886577259 0.7624151267878273
4 28 1 0.31473504470012087 0.8317215994183047
4 29 1 0.31473504470012087 0.9010280720487821
4 30 1 -0.04570601307415505 0.9226863447458064
4 31 1 0.005785566607884712 0.9356813083640207
4 32 1 0.06414269024752893 0.9443446174428306
4 33 1 0.1293653578447788 0.9486762719822351
4 34 1 0.1945880254420287 0.9530079265216401
4 35 1 0.2529451490816735 0.9530079265216401
4 36 1 0.3284661326153316 0.957339581061045
4 37 1 0.3833904842761732 0.957339581061045
4 38 1 0.46577701176743636 0.9660028901398545
4 39 1 0.5790584870679228 0.957339581061045
4 40 1 0.661445014559186 0.957339581061045
4 41 1 0.7266676821564358 0.9443446174428306
5 1 1 0.12593258586597628 -1.2777941612718526
5 2 1 0.22205020127245012 -1.3341056702841156
5 3 1 0.2941384128273051 -1.399080488375188
5 4 1 0.3627938524033575 -1.459723651926856
5 5 1 0.4211509760430023 -1.5203668154785237
5 6 1 0.4692097837462389 -1.568015015411977
5 7 1 0.5172685914494761 -1.6113315608060255
5 8 1 0.544730767279897 -1.6416531425818592
5 9 1 0.5515963112375021 -1.5550200517937625
5 10 1 0.5515963112375021 -1.4683869610056657
5 11 1 0.5550290832163046 -1.3817538702175691
5 12 1 0.5687601711315153 -1.2604675431142334
5 13 1 0.5721929431103179 -1.1521761796291123
5 14 1 0.5927895749831336 -1.026558197986372
5 15 1 0.589356803004331 -0.8836135981860124
5 16 1 0.5859240310255286 -0.7709905801614865
5 17 1 0.5859240310255286 -0.6670308712157704
5 18 1 0.582491259046726 -0.5717344713488635
5 19 1 0.5721929431103179 -0.4851013805607671
5 20 1 0.5687601711315153 -0.40279994431207494
5 21 1 0.558461855195107 -0.32483016260278774
5 22 1 0.5481635392586995 -0.2338654172752861
5 23 1 0.5481635392586995 -0.13423736286897459
5 24 1 0.5481635392586995 4.392785257519499E-5
5 25 1 0.5481635392586995 0.09534032771948177
5 26 1 0.5412979953010945 0.173310109428769
5 27 1 0.5275669073858837 0.2686065092956756
5 28 1 0.5172685914494761 0.3595712546231772
5 29 1 0.5035375035342654 0.4765259271871076
5 30 1 0.5001047315554629 0.5718223270540143
5 31 1 0.5035375035342654 0.7147669268543738
5 32 1 0.506970275513068 0.8143949812606853
5 33 1 0.506970275513068 0.8750381448123529
5 34 1 0.506970275513068 0.9789978537580694
5 35 1 0.5001047315554629 1.0439726718491418
5 36 1 0.14309644575998953 1.0916208717825953
5 37 1 0.22548297325125266 1.117610799019024
5 38 1 0.31816781667892335 1.1089474899402145
5 39 1 0.37309216833976566 1.1089474899402145
5 40 1 0.4554786958310288 1.113279144479619
5 41 1 0.4966719595766604 1.117610799019024
5 42 1 0.582491259046726 1.113279144479619
5 43 1 0.6648777865379886 1.0959525263219998
5 44 1 0.7403987700716466 1.0959525263219998
5 45 1 0.8605457893297388 1.1046158354008095
5 46 1 0.949797860778607 1.0872892172431903
5 47 1 1.0184533003546594 1.0872892172431903
6 1 1 -0.01481106526493107 -1.2561358885748284
6 2 1 0.029814970459503022 -1.2994524339688769
6 3 1 0.07444100618393712 -1.34710063390233
6 4 1 0.12593258586597628 -1.4164071065328077
6 5 1 0.17055862159041035 -1.4813819246238802
6 6 1 0.22891574523005517 -1.5420250881755482
6 7 1 0.31130227272131833 -1.6113315608060255
6 8 1 0.3902560282337789 -1.650316451660669
6 9 1 0.4245837480218048 -1.5766783244907867
6 10 1 0.4245837480218048 -1.4987085427814995
6 11 1 0.4245837480218048 -1.399080488375188
6 12 1 0.4451803798946206 -1.2344776158778046
6 13 1 0.4451803798946206 -1.130517906932088
6 14 1 0.4486131518734231 -1.0482164706833959
6 15 1 0.4451803798946206 -0.9832416525923234
6 16 1 0.4417476079158181 -0.8922769072648218
6 17 1 0.43831483593701553 -0.8402970527919638
6 18 1 0.43144929197941045 -0.7536639620038666
6 19 1 0.43144929197941045 -0.6583675621369606
6 20 1 0.4211509760430023 -0.5847294349670782
6 21 1 0.4245837480218048 -0.4937646896395766
6 22 1 0.4245837480218048 -0.41579490793028934
6 23 1 0.43144929197941045 -0.3508200898392169
6 24 1 0.42801652000060736 -0.2728503081299297
6 25 1 0.43144929197941045 -0.22520210819647662
6 26 1 0.434882063958213 -0.1732222537236182
6 27 1 0.4417476079158181 -0.06926254477790217
6 28 1 0.4486131518734231 -0.017282690305044146
6 29 1 0.4486131518734231 0.043360473246623746
6 30 1 0.4486131518734231 0.10833529133769616
6 31 1 0.4451803798946206 0.16464680034995913
6 32 1 0.4451803798946206 0.20796334574400768
6 33 1 0.43144929197941045 0.25561154567746075
6 34 1 0.4417476079158181 0.3119230546897237
6 35 1 0.46234423978863387 0.37256621824139163
6 36 1 0.4451803798946206 0.41588276363543975
6 37 1 0.4451803798946206 0.5025158544235369
6 38 1 0.4451803798946206 0.5848172906722287
6 39 1 0.4451803798946206 0.6671187269209208
6 40 1 0.43144929197941045 0.740756854090803
6 41 1 0.42801652000060736 0.8100633267212805
6 42 1 0.403987116148989 0.8273899448788998
6 43 1 0.3902560282337789 0.8793697993517579
6 44 1 0.4211509760430023 0.9270179992852113
6 45 1 0.4211509760430023 0.9963244719156886
6 46 1 0.41771820406419974 1.061299290006761
6 47 1 0.4142854320853972 1.1262741080978338
6 48 1 0.40741988812779156 1.1912489261889063
6 49 1 0.40741988812779156 1.2518920897405743
6 50 1 0.397121572191384 1.3255302169104566
6 51 1 0.397121572191384 1.3861733804621243
6 52 1 0.02294942650189736 1.4121633076985531
6 53 1 0.08817209409914724 1.420826616777363
6 54 1 0.14309644575998953 1.4251582713167676
6 55 1 0.20488634137843686 1.4338215803955774
6 56 1 0.27010900897568674 1.4251582713167676
6 57 1 0.33189890459413407 1.4294899258561726
6 58 1 0.36622662438215997 1.4338215803955774
6 59 1 0.4108526601065947 1.4338215803955774
6 60 1 0.45204592385222564 1.4338215803955774
6 61 1 0.5035375035342654 1.4381532349349824
6 62 1 0.5618946271739103 1.4381532349349824
6 63 1 0.6202517508135544 1.4251582713167676
6 64 1 0.6957727343472125 1.4251582713167676
6 65 1 0.7884575777748832 1.420826616777363
6 66 1 0.8674113332873439 1.4121633076985531
7 1 2 -1.1991173979518377 -1.459723651926856
7 2 2 -1.1441930462909957 -1.455391997387451
7 3 2 -1.0721048347361406 -1.455391997387451
7 4 2 -0.9553905874568512 -1.4423970337692367
7 5 2 -0.8455418841351673 -1.459723651926856
7 6 2 -0.7562898126862986 -1.459723651926856
7 7 2 -0.6601721972798253 -1.4683869610056657
7 8 2 -0.5709201258309572 -1.4900452337026897
7 9 2 -0.46107142250927324 -1.4900452337026897
7 10 2 -0.3443571752299836 -1.4900452337026897
7 11 2 -0.23450847190829963 -1.4770502700844752
7 12 2 -0.12122699660781251 -1.4987085427814995
7 13 2 -0.01481106526493107 -1.4987085427814995
7 14 2 0.02294942650189736 -1.4900452337026897
7 15 2 0.08817209409914724 -1.4900452337026897
7 16 2 0.16712584961160784 -1.4900452337026897
7 17 2 0.28040732491209436 -1.5030401973209044
7 18 2 0.41771820406419974 -1.4813819246238802
7 19 2 0.506970275513068 -1.5030401973209044
7 20 2 0.6305500667499626 -1.5030401973209044
7 21 2 0.7266676821564358 -1.5073718518603094
7 22 2 0.8742768772449488 -1.5073718518603094
7 23 2 0.9532306327574095 -1.5030401973209044
7 24 2 1.0253188443122645 -1.5030401973209044
7 25 2 1.0939742838883175 -1.5030401973209044
7 26 2 1.1900918992947906 -1.5073718518603094
7 27 2 1.317104462510488 -1.5073718518603094
7 28 2 1.3891926740653429 -1.5073718518603094
7 29 2 1.464713657599001 -1.511703506399714
7 30 2 1.5711295889418824 -1.5203668154785237
7 31 2 1.5230707812386457 -1.455391997387451
7 32 2 1.4784447455142116 -1.403412142914593
7 33 2 1.426953165832172 -1.3427689793629252
7 34 2 1.3582977262561196 -1.2907891248900674
7 35 2 1.3308355504256986 -1.2214826522595896
7 36 2 1.258747338870843 -1.1824977614049461
7 37 2 1.1969574432523957 -1.1045279796956589
7 38 2 1.1523314075279616 -1.026558197986372
7 39 2 1.1145709157611332 -0.9572517253558942
7 40 2 1.0699448800366986 -0.9096035254224412
7 41 2 1.021886072333462 -0.8489603618707736
7 42 2 0.9463650887998044 -0.7709905801614865
7 43 2 0.8983062810965672 -0.7103474166098186
7 44 2 0.8502474733933306 -0.6410409439793412
7 45 2 0.8056214376688965 -0.5890610895064832
7 46 2 0.7541298579868574 -0.5154229623366005
7 47 2 0.6717433304955942 -0.43745318062731364
7 48 2 0.5927895749831336 -0.3334934716815972
7 49 2 0.5309996793646863 -0.2468603808935005
7 50 2 0.45891146780983133 -0.14290067194778447
7 51 2 0.3902560282337789 -0.09092081747492645
7 52 2 0.34562999250934423 -0.008619381226234273
7 53 2 0.30443672876371325 0.017370546010194533
7 54 2 0.2529451490816735 0.08234536410126736
7 55 2 0.1842897095056211 0.15598349127114966
7 56 2 0.11220149795076616 0.24694823659865128
7 57 2 0.057277146289923864 0.30325974561091423
7 58 2 0.0160838825442923 0.33791298192615293
7 59 2 -0.04570601307415505 0.3985561454778204
7 60 2 -0.09376482077739168 0.4462043454112739
7 61 2 -0.14868917243823396 0.5025158544235369
7 62 2 -0.22077738399308888 0.5631590179752043
7 63 2 -0.2825672796115362 0.6411287996844915
7 64 2 -0.34778994720878614 0.710435272314969
7 65 2 -0.413012614806036 0.7710784358666368
7 66 2 -0.4576386505304701 0.8490482175759241
7 67 2 -0.5434579500005358 0.9226863447458064
7 68 2 -0.5846512137461674 0.9876611628368788
7 69 2 -0.6361427934282071 1.0439726718491418
7 70 2 -0.6773360571738386 1.1002841808614048
8 1 2 -1.0892686946301537 -1.2344776158778046
8 2 2 -1.0000166231812853 -1.2388092704172091
8 3 2 -0.9107645517324171 -1.2518042340354234
8 4 2 -0.8421091121563649 -1.2344776158778046
8 5 2 -0.708231004983062 -1.2474725794960189
8 6 2 -0.6121133895765888 -1.2431409249566139
8 7 2 -0.5022646862549048 -1.2604675431142334
8 8 2 -0.40614707084843094 -1.2561358885748284
8 9 2 -0.31346222742076024 -1.2864574703506626
8 10 2 -0.20361352409907565 -1.2777941612718526
8 11 2 -0.04913878505295757 -1.2734625067324477
8 12 2 0.06757546222633146 -1.2821258158112576
8 13 2 0.21518465731484446 -1.3037840885082819
8 14 2 0.29070564084850253 -1.2777941612718526
8 15 2 0.4005543441701865 -1.295120779429472
8 16 2 0.4829408716614496 -1.2994524339688769
8 17 2 0.6168189788347519 -1.3167790521264962
8 18 2 0.7129365942412258 -1.295120779429472
8 19 2 0.8468147014145281 -1.3124473975870914
8 20 2 0.9635289486938171 -1.3124473975870914
8 21 2 1.09740705586712 -1.3384373248235206
8 22 2 1.2312851630404222 -1.3341056702841156
8 23 2 1.2656128828284487 -1.295120779429472
8 24 2 1.4029237619805535 -1.2821258158112576
8 25 2 1.553965729047869 -1.2864574703506626
8 26 2 1.6466505724755405 -1.2344776158778046
8 27 2 1.6397850285179347 -1.134849561471493
8 28 2 1.5951589927935006 -1.0525481252228013
8 29 2 1.5573985010266715 -0.9659150344347041
8 30 2 1.5127724653022376 -0.9009402163436313
8 31 2 1.4921758334294217 -0.814307125555535
8 32 2 1.43725148176858 -0.7363373438462477
8 33 2 1.3857599020865403 -0.6583675621369606
8 34 2 1.323970006468093 -0.5977243985852926
8 35 2 1.2690456548072513 -0.5154229623366005
8 36 2 1.1969574432523957 -0.47210641694255234
8 37 2 1.1454658635703565 -0.4114632533908844
8 38 2 1.0768104239943042 -0.3594833989180264
8 39 2 0.9806928085878304 -0.2728503081299297
8 40 2 0.9154701409905804 -0.20787549003885689
8 41 2 0.8674113332873439 -0.1602272901054038
8 42 2 0.7987558937112914 -0.0865891629355215
8 43 2 0.7472643140292516 -0.030277653923258548
8 44 2 0.6889071903896075 0.004375582391980131
8 45 2 0.6236845227923575 0.08234536410126736
8 46 2 0.5550290832163046 0.14732018219233978
8 47 2 0.513835819470673 0.21662665482281715
8 48 2 0.43831483593701553 0.30325974561091423
8 49 2 0.38682325625497577 0.35523960008377226
8 50 2 0.3353316765729366 0.4245460727142496
8 51 2 0.29070564084850253 0.493852545344727
8 52 2 0.22548297325125266 0.5848172906722287
8 53 2 0.1602603056540028 0.6627870723815158
8 54 2 0.10876872597196302 0.7364251995513982
8 55 2 0.050411602332318804 0.8273899448788998
8 56 2 -0.028542153180141795 0.909691381127592
8 57 2 -0.12122699660781251 1.0006561264550935
8 58 2 -0.25167233180231285 1.1306057626372383
8 59 2 -0.303163911484352 1.2172388534253356
8 60 2 -0.3786848950180101 1.2952086351346228
8 61 2 0.07444100618393712 -0.0735941993173071
8 62 2 0.1877224814844236 -0.06493089023849723
8 63 2 0.27010900897568674 -0.07792585385671204
8 64 2 0.35249553646694987 -0.0735941993173071
8 65 2 0.4451803798946206 -0.0865891629355215
8 66 2 0.5653273991527128 -0.09092081747492645
8 67 2 0.654579470601581 -0.10391578109314084
8 68 2 0.7335332261140416 -0.11257909017195071
8 69 2 0.8571130173509356 -0.11257909017195071
8 70 2 0.9738272646302253 -0.10824743563254578
8 71 2 1.0802431959731067 -0.10824743563254578
8 72 2 1.1454658635703565 -0.11691074471135525
8 73 2 1.2415834789768305 -0.12557405379016512
8 74 2 1.3102389185528829 -0.12557405379016512
8 75 2 1.4029237619805535 -0.13423736286897459
9 1 2 -1.0068821671388908 -1.4510603428480464
9 2 2 -0.9038990077748118 -1.4467286883086414
9 3 2 -0.8077813923683383 -1.464055306466261
9 4 2 -0.7013654610254569 -1.4683869610056657
9 5 2 -0.6121133895765888 -1.4467286883086414
9 6 2 -0.5194285461489174 -1.464055306466261
9 7 2 -0.36152103512399686 -1.4683869610056657
9 8 2 -0.31346222742076024 -1.4813819246238802
9 9 2 -0.23794124388710214 -1.4683869610056657
9 10 2 -0.17271857628985227 -1.4727186155450707
9 11 2 -0.10406313671379987 -1.4987085427814995
9 12 2 -0.018243837243734205 -1.4987085427814995
9 13 2 0.06414269024752893 -1.4987085427814995
9 14 2 0.15682753367520025 -1.4770502700844752
9 15 2 0.2769745529332918 -1.4857135791632852
9 16 2 0.4005543441701865 -1.4900452337026897
9 17 2 0.46577701176743636 -1.4813819246238802
9 18 2 0.558461855195107 -1.5030401973209044
9 19 2 0.6751761024743967 -1.4943768882420945
9 20 2 0.7953231217324889 -1.4987085427814995
9 21 2 0.8914407371389621 -1.4900452337026897
9 22 2 1.0115877563970543 -1.4943768882420945
9 23 2 1.1180036877399357 -1.4987085427814995
9 24 2 1.207255759188804 -1.5030401973209044
9 25 2 1.3136716905316854 -1.4987085427814995
9 26 2 1.4166548498957643 -1.5030401973209044
9 27 2 1.4166548498957643 -1.4207387610722122
9 28 2 1.3651632702137246 -1.3297740157447107
9 29 2 1.3136716905316854 -1.2258143067989946
9 30 2 1.2553145668920405 -1.1695027977867316
9 31 2 1.2175540751252116 -1.1001963251562543
9 32 2 1.131734775655146 -1.0092315798287526
9 33 2 1.0733776520155016 -0.9096035254224412
9 34 2 1.0287516162910675 -0.8749502891072025
9 35 2 0.9738272646302253 -0.7839855437797009
9 36 2 0.9120373690117779 -0.7363373438462477
9 37 2 0.8536802453721332 -0.6410409439793412
9 38 2 0.802188665690094 -0.6107193622035074
9 39 2 0.7850248057960807 -0.5370812350336247
9 40 2 0.7266676821564358 -0.4591114533243379
9 41 2 0.6889071903896075 -0.3854733261544556
9 42 2 0.6477139266439759 -0.32916181714219267
9 43 2 0.6374156107075677 -0.2858452717481441
9 44 2 0.5927895749831336 -0.2208704536570717
9 45 2 0.5412979953010945 -0.15589563556599886
9 46 2 0.4898064156190547 -0.07792585385671204
9 47 2 0.4417476079158181 0.008707236931385066
9 48 2 0.38682325625497577 0.1126669458771011
9 49 2 0.3216005886577259 0.22095830936222208
9 50 2 0.27010900897568674 0.29026478199269945
9 51 2 0.21518465731484446 0.38556118185960603
9 52 2 0.1636930776328053 0.43754103633246405
9 53 2 0.13623090180238445 0.5198424725811562
9 54 2 0.09160486607795038 0.6108072179086579
9 55 2 0.050411602332318804 0.6931086541573496
9 56 2 -0.0010799773497209523 0.745088508630208
9 57 2 -0.021676609222536735 0.8317215994183047
9 58 2 -0.08003373286218095 0.8793697993517579
9 59 2 -0.1280925405654182 0.9660028901398545
9 60 2 -0.1658530323322472 1.009319435533903
9 61 2 -0.21391184003548383 1.0872892172431903
9 62 2 -0.25167233180231285 1.1436007262554533
9 63 2 -0.2757017356539312 1.2085755443465256
9 64 2 -0.3168949993995627 1.277882016977003
10 1 2 -0.9485250434992462 -1.407743797453998
10 2 2 -0.8592729720503777 -1.4164071065328077
10 3 2 -0.7700209006015094 -1.4250704156116172
10 4 2 -0.6670377412374304 -1.4423970337692367
10 5 2 -0.5949495296825755 -1.4250704156116172
10 6 2 -0.4919663703184966 -1.4467286883086414
10 7 2 -0.4164453867848391 -1.4207387610722122
10 8 2 -0.3168949993995627 -1.4380653792298317
10 9 2 -0.22764292795069396 -1.4294020701510222
10 10 2 -0.1074959086926024 -1.4337337246904267
10 11 2 -0.03884046911654999 -1.4250704156116172
10 12 2 0.046978830353515674 -1.4337337246904267
10 13 2 0.10876872597196302 -1.4294020701510222
10 14 2 0.1636930776328053 -1.4250704156116172
10 15 2 0.2186174292936476 -1.4250704156116172
10 16 2 0.27010900897568674 -1.399080488375188
10 17 2 0.3833904842761732 -1.403412142914593
10 18 2 0.49323918759785723 -1.399080488375188
10 19 2 0.6202517508135544 -1.3947488338357834
10 20 2 0.7095038222624233 -1.4164071065328077
10 21 2 0.8159197536053047 -1.3817538702175691
10 22 2 0.9463650887998044 -1.399080488375188
10 23 2 1.039049932227475 -1.3860855247569737
10 24 2 1.142033091591554 -1.399080488375188
10 25 2 1.245016250955633 -1.3904171792963786
10 26 2 1.3411338663621062 -1.3947488338357834
10 27 2 1.3136716905316854 -1.2907891248900674
10 28 2 1.245016250955633 -1.2041560341019704
10 29 2 1.214121303146409 -1.1175229433138736
10 30 2 1.1660624954431724 -1.0568797797622058
10 31 2 1.1214364597187383 -0.9485884162770848
10 32 2 1.059646564100291 -0.8489603618707736
10 33 2 1.0287516162910675 -0.7493323074644621
10 34 2 0.9909911245242385 -0.6626992166763651
10 35 2 0.9806928085878304 -0.5977243985852926
10 36 2 0.9257684569269886 -0.4937646896395766
10 37 2 0.8605457893297388 -0.40713159885147987
10 38 2 0.7781592618384756 -0.3031718899057639
10 39 2 0.7163693662200283 -0.20787549003885689
10 40 2 0.661445014559186 -0.14290067194778447
10 41 2 0.5790584870679228 -0.051935926620282825
10 42 2 0.5241341354070812 0.004375582391980131
10 43 2 0.4451803798946206 0.1126669458771011
10 44 2 0.39368880021258146 0.1603151458105542
10 45 2 0.32503336063652905 0.24694823659865128
10 46 2 0.2872728688697 0.28160147291389
10 47 2 0.20145356939963435 0.38556118185960603
10 48 2 0.139663673781187 0.4721942726477027
10 49 2 0.08130655014154217 0.5285057816599656
10 50 2 0.026382198480700496 0.5978122542904434
10 51 2 -0.03540769713774685 0.6541237633027059
10 52 2 -0.0971975927561942 0.7364251995513982
10 53 2 -0.17271857628985227 0.8014000176424706
10 54 2 -0.24480678784470722 0.8880331084305677
10 55 2 -0.3237605433571678 0.96167123560045
10 56 2 -0.4027142988696284 1.0483043263885468
11 1 2 -0.9416594995416409 -1.4380653792298317
11 2 2 -0.8661385160079831 -1.4294020701510222
11 3 2 -0.7906175324743251 -1.4423970337692367
11 4 2 -0.6876343731102462 -1.4380653792298317
11 5 2 -0.6052478456189831 -1.4510603428480464
11 6 2 -0.49539914229729914 -1.464055306466261
11 7 2 -0.4233109307424442 -1.4467286883086414
11 8 2 -0.31346222742076024 -1.4683869610056657
11 9 2 -0.24480678784470722 -1.459723651926856
11 10 2 -0.17271857628985227 -1.459723651926856
11 11 2 -0.05600432901056263 -1.459723651926856
11 12 2 0.029814970459503022 -1.4467286883086414
11 13 2 0.13623090180238445 -1.459723651926856
11 14 2 0.22891574523005517 -1.459723651926856
11 15 2 0.30443672876371325 -1.4510603428480464
11 16 2 0.39368880021258146 -1.4770502700844752
11 17 2 0.4760753277038446 -1.464055306466261
11 18 2 0.5515963112375021 -1.459723651926856
11 19 2 0.6477139266439759 -1.455391997387451
11 20 2 0.7335332261140416 -1.455391997387451
11 21 2 0.8124869816265016 -1.464055306466261
11 22 2 0.8948735091177646 -1.4423970337692367
11 23 2 1.0184533003546594 -1.4727186155450707
11 24 2 1.1386003196127514 -1.4727186155450707
11 25 2 1.214121303146409 -1.4727186155450707
11 26 2 1.1969574432523957 -1.3817538702175691
11 27 2 1.1351675476339491 -1.3081157430476864
11 28 2 1.0493482481638834 -1.2258143067989946
11 29 2 0.987558352545436 -1.1478445250897074
11 30 2 0.9360667728633962 -1.0872013615380398
11 31 2 0.9017390530753704 -1.026558197986372
11 32 2 0.8571130173509356 -0.974578343513514
11 33 2 0.8193525255841072 -0.9096035254224412
11 34 2 0.7678609459020674 -0.8489603618707736
11 35 2 0.7095038222624233 -0.7536639620038666
11 36 2 0.6580122425803835 -0.6930207984521992
11 37 2 0.6580122425803835 -0.6367092894399362
11 38 2 0.6168189788347519 -0.5933927440458877
11 39 2 0.5550290832163046 -0.506759653257791
11 40 2 0.5035375035342654 -0.4201265624696943
11 41 2 0.45204592385222564 -0.3724783625362412
11 42 2 0.4211509760430023 -0.3161668535239783
11 43 2 0.37995771229737074 -0.2598553445117153
11 44 2 0.35936108042455495 -0.19054887188123754
11 45 2 0.3010039567849101 -0.11257909017195071
11 46 2 0.256377921060476 -0.043272617541472956
11 47 2 0.20145356939963435 0.026033855089004406
11 48 2 0.14996198971759458 0.11699860041650605
11 49 2 0.10876872597196302 0.19496838212579326
11 50 2 0.03668051441710808 0.2859331274532949
11 51 2 -0.018243837243734205 0.37689787278079656
11 52 2 -0.07316818890457588 0.4591993090294883
11 53 2 -0.11436145265020746 0.5241741271205611
11 54 2 -0.155554716395839 0.5934805997510385
11 55 2 -0.20361352409907565 0.6714503814603258
11 56 2 -0.27226896367512865 0.7537518177090174
11 57 2 -0.29973113950554947 0.8230582903394948
11 58 2 -0.34778994720878614 0.8880331084305677
11 59 2 -0.39584875491202337 0.9789978537580694
12 1 2 -1.0618065187997328 -1.3384373248235206
12 2 2 -0.9519578154780487 -1.3384373248235206
12 3 2 -0.818079708304746 -1.3774222156781641
12 4 2 -0.6773360571738386 -1.3644272520599494
12 5 2 -0.5125630021913123 -1.3817538702175691
12 6 2 -0.40614707084843094 -1.3817538702175691
12 7 2 -0.29973113950554947 -1.399080488375188
12 8 2 -0.19674798014147057 -1.3904171792963786
12 9 2 -0.10406313671379987 -1.403412142914593
12 10 2 0.01951665452309483 -1.3860855247569737
12 11 2 0.14309644575998953 -1.3947488338357834
12 12 2 0.25981069303927856 -1.3947488338357834
12 13 2 0.36622662438215997 -1.3904171792963786
12 14 2 0.4760753277038446 -1.4207387610722122
12 15 2 0.5344324513434888 -1.3904171792963786
12 16 2 0.6580122425803835 -1.412075451993403
12 17 2 0.7781592618384756 -1.403412142914593
12 18 2 0.9017390530753704 -1.407743797453998
12 19 2 1.0184533003546594 -1.399080488375188
12 20 2 1.0905415119095143 -1.4207387610722122
12 21 2 1.2759111987648564 -1.403412142914593
12 22 2 1.3788943581289352 -1.3904171792963786
12 23 2 1.4612808856201984 -1.3817538702175691
12 24 2 1.612322852687514 -1.3730905611387592
12 25 2 1.7805286796488426 -1.3860855247569737
12 26 2 1.766797591733632 -1.2734625067324477
12 27 2 1.6981421521575797 -1.1695027977867316
12 28 2 1.6329194845603296 -1.0568797797622058
12 29 2 1.58142790487829 -0.9789099980529186
12 30 2 1.540234641132659 -0.9009402163436313
12 31 2 1.4784447455142116 -0.8446287073313683
12 32 2 1.4235203938533694 -0.7406689983856523
12 33 2 1.3582977262561196 -0.6843574893733894
12 34 2 1.2862095147012644 -0.6107193622035074
12 35 2 1.207255759188804 -0.5457445441124346
12 36 2 1.066512108057896 -0.42445821700909886
12 37 2 0.9772600366090278 -0.3204985080633828
12 38 2 0.9292012289057912 -0.27718196266933426
12 39 2 0.8365163854781205 -0.1732222537236182
12 40 2 0.7644281739232649 -0.09958412655373591
12 41 2 0.7095038222624233 -0.03460930846266348
12 42 2 0.6339828387287652 0.05202378232543321
12 43 2 0.5790584870679228 0.14298852765293485
12 44 2 0.5241341354070812 0.1993000366651978
12 45 2 0.4211509760430023 0.28160147291389
12 46 2 0.35936108042455495 0.38556118185960603
12 47 2 0.31816781667892335 0.4462043454112739
12 48 2 0.27010900897568674 0.5111791635023464
12 49 2 0.22548297325125266 0.5631590179752043
12 50 2 0.14996198971759458 0.6497921087633014
12 51 2 0.0950376380567529 0.7364251995513982
12 52 2 0.046978830353515674 0.7970683631030661
12 53 2 -0.0010799773497209523 0.8620431811941385
12 54 2 -0.021676609222536735 0.9226863447458064
12 55 2 -0.052571557031760106 0.9919928173762838
12 56 2 -0.11436145265020746 1.0742942536249758
12 57 2 -0.18301689222625986 1.1392690717160483
12 58 2 -0.22421015597189142 1.2129071988859306
12 59 2 -0.22764292795069396 1.256223744279979
12 60 2 -0.2757017356539312 1.3255302169104566
12 61 2 -0.13839085650182575 -0.051935926620282825
12 62 2 -0.05600432901056263 -0.038940963002068424
12 63 2 0.033247742438305555 -0.038940963002068424
12 64 2 0.12593258586597628 -0.030277653923258548
12 65 2 0.21518465731484446 -0.025945999383853613
12 66 2 0.34562999250934423 -0.038940963002068424
12 67 2 0.4692097837462389 -0.03460930846266348
12 68 2 0.558461855195107 -0.03460930846266348
12 69 2 0.6168189788347519 -0.038940963002068424
12 70 2 0.7403987700716466 -0.03460930846266348
12 71 2 0.8571130173509356 -0.030277653923258548
12 72 2 0.9292012289057912 -0.02161434484444908
12 73 2 1.0184533003546594 -0.030277653923258548
12 74 2 1.1214364597187383 -0.030277653923258548
12 75 2 1.17636081137958 -0.01295103576563921
12 76 2 1.2518817949132381 -0.02161434484444908
12 77 2 1.347999410319712 -0.03460930846266348
13 1 3 -1.5523496345706276 -1.618434740071914
13 2 3 -1.5523496345706276 -1.5559194207447409
13 3 3 -1.5429340314287692 -1.4885952307000927
13 4 3 -1.53822622985784 -1.3924178163505954
13 5 3 -1.53822622985784 -1.296240402001098
13 6 3 -1.5523496345706276 -1.1856363754991763
13 7 3 -1.5523496345706276 -1.0461791246924053
13 8 3 -1.5476418329996984 -0.9644283224953325
13 9 3 -1.5476418329996984 -0.9019130031681589
13 10 3 -1.5476418329996984 -0.7720734937963379
13 11 3 -1.5476418329996984 -0.6855138208817901
13 12 3 -1.53822622985784 -0.5941452772497676
13 13 3 -1.53822622985784 -0.4835412507478462
13 14 3 -1.53822622985784 -0.3921727071158237
13 15 3 -1.53822622985784 -0.2479065855915774
13 16 3 -1.533518428286911 -0.13249368837218095
13 17 3 -1.5288106267159811 -0.04593401545763311
13 18 3 -1.5288106267159811 0.05986114032681395
13 19 3 -1.533518428286911 0.1560385546763112
13 20 3 -1.524102825145052 0.27145145189570763
13 21 3 -1.524102825145052 0.3628199955277302
13 22 3 -1.524102825145052 0.47823289274712705
13 23 3 -1.5146872220031935 0.579219177814099
13 24 3 -1.5146872220031935 0.6898232043160212
13 25 3 -1.5146872220031935 0.7956183601004683
13 26 3 -1.5146872220031935 0.9206489987548144
13 27 3 -1.5099794204322639 0.9927820595169374
13 28 3 -1.5099794204322639 1.0985772153013844
13 29 3 -1.5099794204322639 1.1707102760635073
13 30 3 -1.5099794204322639 1.2380344661081557
13 31 3 -1.5099794204322639 1.3197852683052285
13 32 3 -1.5052716188613346 1.4111538119372509
13 33 3 -1.4581936031520415 1.4159626826547256
13 34 3 -1.3546219685915966 1.4063449412197757
13 35 3 -1.3075439528823032 1.4063449412197757
13 36 3 -1.227511326176505 1.4063449412197757
13 37 3 -1.1474786994707065 1.4063449412197757
13 38 3 -1.0721538743358374 1.4063449412197757
13 39 3 -0.9120886209242407 1.4063449412197757
13 40 3 -0.8085169863637958 1.4063449412197757
13 41 3 -0.7331921612289264 1.3967271997848265
13 42 3 -0.620204923526623 1.4015360705023012
13 43 3 -0.5025098842533898 1.4063449412197757
13 44 3 -0.4130616544057329 1.4063449412197757
13 45 3 -0.3094900198452878 1.4063449412197757
13 46 3 -0.21062618685577195 1.4063449412197757
13 47 3 -0.1023467507243977 1.3967271997848265
13 48 3 -0.03643752873138731 1.3967271997848265
13 49 3 0.09538091525463345 1.3919183290673514
13 50 3 0.16599793881857364 1.3919183290673514
13 51 3 0.2601539702371597 1.3919183290673514
13 52 3 0.3825568110813221 1.3967271997848265
13 53 3 0.481420644070838 1.3919183290673514
13 54 3 0.570868873918495 1.3919183290673514
13 55 3 0.665024905337081 1.3919183290673514
13 56 3 0.7356419289010212 1.3919183290673514
13 57 3 0.8062589524649607 1.3919183290673514
13 58 3 0.8627525713161127 1.3871094583498766
13 59 3 0.9239539917381934 1.3823005876324015
13 60 3 0.9898632137312043 1.3823005876324015
13 61 3 1.0463568325823558 1.3823005876324015
13 62 3 1.0981426498625786 1.3726828461974516
13 63 3 1.15463626871373 1.3726828461974516
13 64 3 1.1875908797102355 1.3726828461974516
14 1 3 -1.7265382926950128 -1.618434740071914
14 2 3 -1.7265382926950128 -1.4789774892651433
14 3 3 -1.7218304911240834 -1.40684442850302
14 4 3 -1.7077070864112955 -1.305858143436048
14 5 3 -1.7077070864112955 -1.1808275047817012
14 6 3 -1.7218304911240834 -1.0173259003875559
14 7 3 -1.7124148879822247 -0.9355750981904835
14 8 3 -1.7077070864112955 -0.8393976838409862
14 9 3 -1.7029992848403661 -0.7336025280565388
14 10 3 -1.7029992848403661 -0.5941452772497676
14 11 3 -1.7029992848403661 -0.4691146385954213
14 12 3 -1.7029992848403661 -0.3825549656808739
14 13 3 -1.6982914832694365 -0.2479065855915774
14 14 3 -1.7077070864112955 -0.13249368837218095
14 15 3 -1.7077070864112955 -0.05555175689258291
14 16 3 -1.7029992848403661 -0.012271920435309391
14 17 3 -1.7029992848403661 0.07909662319671315
14 18 3 -1.6982914832694365 0.1608474253937859
14 19 3 -1.6982914832694365 0.25221596902580845
14 20 3 -1.6982914832694365 0.37243773696268
14 21 3 -1.7029992848403661 0.49265950489955157
14 22 3 -1.6982914832694365 0.5840280485315741
14 23 3 -1.6982914832694365 0.6946320750334959
14 24 3 -1.6982914832694365 0.7956183601004683
14 25 3 -1.6935836816985073 0.8581336794276413
14 26 3 -1.7077070864112955 0.939884481624714
14 27 3 -1.6888758801275783 1.0264441545392615
14 28 3 -1.6935836816985073 1.1033860860188596
14 29 3 -1.684168078556649 1.1707102760635073
14 30 3 -1.684168078556649 1.2428433368256306
14 31 3 -1.684168078556649 1.3149763975877538
14 32 3 -1.684168078556649 1.4015360705023012
14 33 3 -1.6794602769857194 1.4736691312644241
14 34 3 -1.6041354518508504 1.4784780019818988
14 35 3 -1.533518428286911 1.4784780019818988
14 36 3 -1.4676092062939 1.4688602605469494
14 37 3 -1.3875765795881019 1.4688602605469494
14 38 3 -1.3310829607369499 1.4784780019818988
14 39 3 -1.2792971434567273 1.4784780019818988
14 40 3 -1.227511326176505 1.4784780019818988
14 41 3 -1.1521865010416357 1.4784780019818988
14 42 3 -1.0956928821904839 1.4784780019818988
14 43 3 -1.0156602554846856 1.4832868726993738
14 44 3 -0.9685822397753924 1.4832868726993738
14 45 3 -0.874426208356806 1.4832868726993738
14 46 3 -0.7802701769382194 1.4832868726993738
14 47 3 -0.6814063439487041 1.4832868726993738
14 48 3 -0.5919581141010467 1.4832868726993738
14 49 3 -0.5025098842533898 1.4880957434168485
14 50 3 -0.44130846383130856 1.4880957434168485
14 51 3 -0.3518602339836517 1.4880957434168485
14 52 3 -0.2765354088487823 1.4880957434168485
14 53 3 -0.2200417899976309 1.502522355569273
14 54 3 -0.09293114758253933 1.502522355569273
14 55 3 -0.01760632244766997 1.502522355569273
14 56 3 0.06713410582905775 1.502522355569273
14 57 3 0.15187453410578547 1.502522355569273
14 58 3 0.24603056552437155 1.502522355569273
14 59 3 0.2884007796627354 1.502522355569273
14 60 3 0.36843340636853394 1.502522355569273
14 61 3 0.43434262836154436 1.502522355569273
14 62 3 0.48612844564176716 1.502522355569273
14 63 3 0.5567454692057068 1.502522355569273
14 64 3 0.6791483100498691 1.502522355569273
14 65 3 0.7685965398975261 1.502522355569273
14 66 3 0.8533369681742538 1.502522355569273
14 67 3 0.9380773964509815 1.502522355569273
14 68 3 1.0039866184439918 1.502522355569273
14 69 3 1.0698958404370023 1.5073312262867482
14 70 3 1.121681657717225 1.5073312262867482
14 71 3 1.1875908797102355 1.5073312262867482
14 72 3 1.258207903274175 1.5073312262867482
14 73 3 1.314701522125327 1.5073312262867482
15 1 3 -1.7453694989787298 -1.5703460328971655
15 2 3 -1.7406616974078004 -1.4741686185476681
15 3 3 -1.7406616974078004 -1.3924178163505954
15 4 3 -1.7406616974078004 -1.3299024970234223
15 5 3 -1.7406616974078004 -1.2721960484137238
15 6 3 -1.7359538958368712 -1.200062987651601
15 7 3 -1.7359538958368712 -1.1086944440195783
15 8 3 -1.7359538958368712 -1.0221347711050308
15 9 3 -1.7359538958368712 -0.9451928396254329
15 10 3 -1.7359538958368712 -0.8442065545584609
15 11 3 -1.7359538958368712 -0.7672646230788632
15 12 3 -1.7359538958368712 -0.7095581744691645
15 13 3 -1.7359538958368712 -0.6518517258594664
15 14 3 -1.7359538958368712 -0.5701009236623933
15 15 3 -1.7359538958368712 -0.5075856043352205
15 16 3 -1.7359538958368712 -0.41621706070319797
15 17 3 -1.7359538958368712 -0.3392751292236
15 18 3 -1.7359538958368712 -0.2479065855915774
15 19 3 -1.7359538958368712 -0.18539126626440428
15 20 3 -1.7406616974078004 -0.09402272263238173
15 21 3 -1.7406616974078004 -0.017080791152784092
15 22 3 -1.7406616974078004 0.05986114032681395
15 23 3 -1.7406616974078004 0.12237645965398708
15 24 3 -1.7406616974078004 0.1800829082636855
15 25 3 -1.7406616974078004 0.25221596902580845
15 26 3 -1.7406616974078004 0.32915790050540605
15 27 3 -1.7453694989787298 0.42533531485490333
15 28 3 -1.7453694989787298 0.49746837561702667
15 29 3 -1.7453694989787298 0.5696014363791496
15 30 3 -1.731246094265942 0.6417344971412725
15 31 3 -1.731246094265942 0.7475296529257196
15 32 3 -1.731246094265942 0.8244715844053172
15 33 3 -1.731246094265942 0.9206489987548144
15 34 3 -1.731246094265942 0.9879731887994627
15 35 3 -1.731246094265942 1.0504885081266357
15 36 3 -1.731246094265942 1.1707102760635073
15 37 3 -1.731246094265942 1.199563500368357
15 38 3 -1.731246094265942 1.3005497854353287
15 39 3 -1.731246094265942 1.3967271997848265
15 40 3 -1.6794602769857194 1.4015360705023012
15 41 3 -1.6323822612764263 1.4015360705023012
15 42 3 -1.5853042455671331 1.4063449412197757
15 43 3 -1.53822622985784 1.4063449412197757
15 44 3 -1.4676092062939 1.4063449412197757
15 45 3 -1.3640375717334547 1.4063449412197757
15 46 3 -1.3216673575950912 1.4063449412197757
15 47 3 -1.2369269293183633 1.4063449412197757
15 48 3 -1.166309905754424 1.4063449412197757
15 49 3 -1.067446072764908 1.4111538119372509
15 50 3 -0.9968290492009684 1.4111538119372509
15 51 3 -0.9262120256370285 1.4111538119372509
15 52 3 -0.8179325895056542 1.4111538119372509
15 53 3 -0.7661467722254319 1.4111538119372509
15 54 3 -0.7096531533742799 1.4111538119372509
15 55 3 -0.620204923526623 1.4111538119372509
15 56 3 -0.5448800983917537 1.4159626826547256
15 57 3 -0.4648474716859551 1.4159626826547256
15 58 3 -0.34244463084179333 1.4015360705023012
15 59 3 -0.27182760727785316 1.4015360705023012
15 60 3 -0.15413256800462052 1.4015360705023012
15 61 3 -0.09293114758253933 1.4111538119372509
15 62 3 0.0059326854069765515 1.4111538119372509
15 63 3 0.057718502687199386 1.4111538119372509
15 64 3 0.13775112939299733 1.4111538119372509
15 65 3 0.20836815295693747 1.4111538119372509
15 66 3 0.2884007796627354 1.4111538119372509
15 67 3 0.3825568110813221 1.4015360705023012
15 68 3 0.43434262836154436 1.4111538119372509
15 69 3 0.5567454692057068 1.3967271997848265
15 70 3 0.6226546911987171 1.3967271997848265
15 71 3 0.7403497304719503 1.3967271997848265
15 72 3 0.7921355477521725 1.3967271997848265
15 73 3 0.8533369681742538 1.3919183290673514
15 74 3 0.9333695948800523 1.3871094583498766
15 75 3 1.008694420014921 1.3871094583498766
15 76 3 1.065188038866073 1.3823005876324015
15 77 3 1.0887270467207195 1.3823005876324015
15 78 3 1.1310972608590835 1.3823005876324015
15 79 3 1.2346688954195286 1.367873975479977
16 1 3 -1.3734531748753138 -1.589581515767065
16 2 3 -1.3593297701625258 -1.512639584287467
16 3 3 -1.3593297701625258 -1.4308887820903942
16 4 3 -1.3499141670206671 -1.334711367740897
16 5 3 -1.3499141670206671 -1.2144895998040255
16 6 3 -1.3404985638788085 -1.1086944440195783
16 7 3 -1.3404985638788085 -1.0173259003875559
16 8 3 -1.3357907623078793 -0.9163396153205838
16 9 3 -1.3310829607369499 -0.8345888131235111
16 10 3 -1.3310829607369499 -0.7480291402089636
16 11 3 -1.3310829607369499 -0.6518517258594664
16 12 3 -1.3310829607369499 -0.5268210872051198
16 13 3 -1.3310829607369499 -0.4402614142905723
16 14 3 -1.3310829607369499 -0.32003964635370075
16 15 3 -1.3263751591660207 -0.18058239554692956
16 16 3 -1.3263751591660207 -0.07478723976248253
16 17 3 -1.3263751591660207 -0.012271920435309391
16 18 3 -1.3263751591660207 0.05986114032681395
16 19 3 -1.3263751591660207 0.11275871821903727
16 20 3 -1.3263751591660207 0.1752740375462104
16 21 3 -1.3263751591660207 0.25702483974328316
16 22 3 -1.3263751591660207 0.3483933833753057
16 23 3 -1.3263751591660207 0.4109087027024788
16 24 3 -1.316959556024162 0.5022772463345013
16 25 3 -1.316959556024162 0.5840280485315741
16 26 3 -1.3310829607369499 0.6802054628810713
16 27 3 -1.3028361513113742 0.7956183601004683
16 28 3 -1.3028361513113742 0.9014135158849153
16 29 3 -1.3028361513113742 0.9639288352120884
16 30 3 -1.3028361513113742 1.040870766691686
16 31 3 -1.3028361513113742 1.1081949567363343
16 32 3 -1.3028361513113742 1.218798983238256
16 33 3 -1.2934205481695153 1.2813143025654297
16 34 3 -1.2322191277474341 1.2909320440003793
16 35 3 -1.1286474931869892 1.2909320440003793
16 36 3 -1.0391992633393323 1.2909320440003793
16 37 3 -0.9732900413463219 1.295740914717854
16 38 3 -0.8838418114986647 1.295740914717854
16 39 3 -0.8179325895056542 1.295740914717854
16 40 3 -0.7190687565161382 1.295740914717854
16 41 3 -0.6484517329521987 1.295740914717854
16 42 3 -0.5778347093882591 1.295740914717854
16 43 3 -0.4507240669731675 1.295740914717854
16 44 3 -0.34244463084179333 1.2909320440003793
16 45 3 -0.26241200413599475 1.2909320440003793
16 46 3 -0.1588403695755497 1.2909320440003793
16 47 3 -0.1023467507243977 1.2909320440003793
16 48 3 -0.022314124018599155 1.2909320440003793
16 49 3 0.048302899545340415 1.2909320440003793
16 50 3 0.14245893096392712 1.2765054318479545
16 51 3 0.22719935924065482 1.2765054318479545
16 52 3 0.2836929780918062 1.2813143025654297
16 53 3 0.34960220008481663 1.2813143025654297
16 54 3 0.41080362050689784 1.2813143025654297
16 55 3 0.4578816362161909 1.2813143025654297
16 56 3 0.5237908582092019 1.2765054318479545
16 57 3 0.5802844770603532 1.2765054318479545
16 58 3 0.6932717147626573 1.2716965611304798
16 59 3 0.7921355477521725 1.2716965611304798
16 60 3 0.8533369681742538 1.2765054318479545
17 1 3 -1.3499141670206671 -1.6761411886816124
17 2 3 -1.3499141670206671 -1.6136258693544392
17 3 3 -1.3499141670206671 -1.5559194207447409
17 4 3 -1.345206365449738 -1.5030218428525175
17 5 3 -1.345206365449738 -1.40684442850302
17 6 3 -1.3499141670206671 -1.3154758848709978
17 7 3 -1.3499141670206671 -1.2433428241088749
17 8 3 -1.3404985638788085 -1.171209763346752
17 9 3 -1.3404985638788085 -1.0894589611496788
17 10 3 -1.3404985638788085 -1.0028992882351313
17 11 3 -1.3404985638788085 -0.8922952617332095
17 12 3 -1.3404985638788085 -0.8201622009710866
17 13 3 -1.3357907623078793 -0.7287936573390641
17 14 3 -1.3310829607369499 -0.6085718894021925
17 15 3 -1.3357907623078793 -0.5220122164876446
17 16 3 -1.3357907623078793 -0.4306436728556225
17 17 3 -1.3310829607369499 -0.35851061209349955
17 18 3 -1.3216673575950912 -0.2479065855915774
17 19 3 -1.3216673575950912 -0.17096465411197978
17 20 3 -1.3216673575950912 -0.11806707621975604
17 21 3 -1.316959556024162 -0.0411251447401584
17 22 3 -1.316959556024162 0.02619904530448983
17 23 3 -1.316959556024162 0.10314097678408747
17 24 3 -1.316959556024162 0.18489177898116022
17 25 3 -1.3075439528823032 0.25702483974328316
17 26 3 -1.3122517544532328 0.3580111248102555
17 27 3 -1.3122517544532328 0.42533531485490333
17 28 3 -1.3122517544532328 0.5022772463345013
17 29 3 -1.3122517544532328 0.5888369192490488
17 30 3 -1.3216673575950912 0.6657788507286468
17 31 3 -1.316959556024162 0.7667651357956188
17 32 3 -1.316959556024162 0.8533248087101667
17 33 3 -1.316959556024162 0.9350756109072393
17 34 3 -1.3122517544532328 1.0649151202790603
17 35 3 -1.3122517544532328 1.156283663911083
17 36 3 -1.3122517544532328 1.233225595390681
17 37 3 -1.3122517544532328 1.3053586561528039
17 38 3 -1.2510503340311516 1.3101675268702786
17 39 3 -1.1286474931869892 1.3101675268702786
17 40 3 -1.0203680570556148 1.3005497854353287
17 41 3 -0.9262120256370285 1.3053586561528039
17 42 3 -0.84617939893123 1.3149763975877538
17 43 3 -0.7426077643707854 1.3149763975877538
17 44 3 -0.6343283282394105 1.3197852683052285
17 45 3 -0.5072176858243189 1.3197852683052285
17 46 3 -0.3989382496929447 1.3197852683052285
17 47 3 -0.32361342455807596 1.3197852683052285
17 48 3 -0.23887299628134825 1.3197852683052285
17 49 3 -0.1635481711464789 1.3245941390227032
17 50 3 -0.09293114758253933 1.3245941390227032
17 51 3 0.0012248838360473678 1.3245941390227032
17 52 3 0.09067311368370427 1.3245941390227032
17 53 3 0.18953694667322016 1.3149763975877538
17 54 3 0.2648617718080889 1.3149763975877538
17 55 3 0.3543100016557464 1.3149763975877538
17 56 3 0.40609581893596863 1.3197852683052285
17 57 3 0.481420644070838 1.3101675268702786
17 58 3 0.5426220644929186 1.295740914717854
17 59 3 0.6273624927696463 1.2813143025654297
17 60 3 0.6838561116207983 1.295740914717854
17 61 3 0.7450575320428795 1.295740914717854
17 62 3 0.7921355477521725 1.2861231732829042
17 63 3 0.8486291666033245 1.2765054318479545
17 64 3 0.9192461901672642 1.2716965611304798
17 65 3 0.9992788168730626 1.266887690413005
17 66 3 1.051064634153285 1.266887690413005
17 67 3 1.1028504514335078 1.2572699489780552
17 68 3 1.1593440702846598 1.2572699489780552
17 69 3 1.2064220859939527 1.2572699489780552
17 70 3 1.2817469111288216 1.25246107826058
18 1 3 -1.6653368722729316 -1.6569057058117127
18 2 3 -1.6700446738438608 -1.5703460328971655
18 3 3 -1.6700446738438608 -1.4885952307000927
18 4 3 -1.6700446738438608 -1.3731823334806958
18 5 3 -1.6700446738438608 -1.2721960484137238
18 6 3 -1.6700446738438608 -1.1615920219118017
18 7 3 -1.6700446738438608 -1.113503314737053
18 8 3 -1.6794602769857194 -1.0221347711050308
18 9 3 -1.6794602769857194 -0.9307662274730083
18 10 3 -1.6700446738438608 -0.8153533302536119
18 11 3 -1.6700446738438608 -0.7191759159041142
18 12 3 -1.6700446738438608 -0.6037630186847178
18 13 3 -1.6700446738438608 -0.5220122164876446
18 14 3 -1.6700446738438608 -0.45949689716047193
18 15 3 -1.6653368722729316 -0.3825549656808739
18 16 3 -1.6653368722729316 -0.31042190491875055
18 17 3 -1.6559212691310727 -0.2286711027216782
18 18 3 -1.6559212691310727 -0.15653804195955526
18 19 3 -1.6653368722729316 -0.07959611047995722
18 20 3 -1.6653368722729316 0.016581303869540025
18 21 3 -1.6653368722729316 0.11756758893651198
18 22 3 -1.6653368722729316 0.1993183911335847
18 23 3 -1.6700446738438608 0.28106919333065744
18 24 3 -1.6700446738438608 0.4109087027024788
18 25 3 -1.684168078556649 0.5455570827917753
18 26 3 -1.684168078556649 0.6513522385762224
18 27 3 -1.6794602769857194 0.7523385236431943
18 28 3 -1.6794602769857194 0.7956183601004683
18 29 3 -1.67475247541479 0.8485159379926915
18 30 3 -1.67475247541479 0.8677514208625912
18 31 3 -1.6700446738438608 0.9014135158849153
18 32 3 -1.6606290707020022 0.9783554473645129
18 33 3 -1.6700446738438608 1.0697239909965355
18 34 3 -1.6606290707020022 1.146665922476133
18 35 3 -1.6606290707020022 1.26207881969553
18 36 3 -1.6559212691310727 1.3245941390227032
18 37 3 -1.6559212691310727 1.3871094583498766
18 38 3 -1.6559212691310727 1.4303892948071502
18 39 3 -1.6135510549927088 1.4303892948071502
18 40 3 -1.5523496345706276 1.4303892948071502
18 41 3 -1.4534858015811123 1.4255804240896754
18 42 3 -1.3875765795881019 1.4255804240896754
18 43 3 -1.2510503340311516 1.4255804240896754
18 44 3 -1.166309905754424 1.4303892948071502
18 45 3 -1.081569477477696 1.4303892948071502
18 46 3 -0.9638744382044632 1.4351981655246253
18 47 3 -0.84617939893123 1.4351981655246253
18 48 3 -0.7002375502324215 1.4255804240896754
18 49 3 -0.620204923526623 1.4255804240896754
18 50 3 -0.5448800983917537 1.4255804240896754
18 51 3 -0.4366006622603794 1.4255804240896754
18 52 3 -0.32832122612900516 1.4255804240896754
18 53 3 -0.24358079785227743 1.4255804240896754
18 54 3 -0.1588403695755497 1.4255804240896754
18 55 3 -0.06939213972789281 1.4255804240896754
18 56 3 0.0059326854069765515 1.4255804240896754
18 57 3 0.0812575105418459 1.4255804240896754
18 58 3 0.1707057403895028 1.4255804240896754
18 59 3 0.25073836709530134 1.4255804240896754
18 60 3 0.3260631922301701 1.4207715533722007
18 61 3 0.3778490095103929 1.4207715533722007
18 62 3 0.46258943778712064 1.4207715533722007
18 63 3 0.519083056638272 1.4303892948071502
18 64 3 0.5849922786312824 1.4303892948071502
18 65 3 0.665024905337081 1.4207715533722007
18 66 3 0.7073951194754449 1.4111538119372509
18 67 3 0.7591809367556677 1.4111538119372509
18 68 3 0.858044769745183 1.4111538119372509
18 69 3 0.914538388596335 1.4111538119372509
18 70 3 0.9569086027346988 1.4111538119372509
18 71 3 1.008694420014921 1.4111538119372509
18 72 3 1.0604802372951438 1.4111538119372509
18 73 3 1.107558253004437 1.4015360705023012
18 74 3 1.1593440702846598 1.4015360705023012
18 75 3 1.2440844985613875 1.4015360705023012
19 1 4 -1.731246094265942 -1.3876089456331206
19 2 4 -1.7029992848403661 -1.3106670141535226
19 3 4 -1.6888758801275783 -1.262578306978774
19 4 4 -1.67475247541479 -1.2241073412389751
19 5 4 -1.6559212691310727 -1.1808275047817012
19 6 4 -1.6229666581345679 -1.1038855733021036
19 7 4 -1.5947198487089915 -1.0317525125399807
19 8 4 -1.5664730392834159 -0.9596194517778578
19 9 4 -1.53822622985784 -0.8971041324506842
19 10 4 -1.524102825145052 -0.8393976838409862
19 11 4 -1.4958560157194762 -0.7768823645138127
19 12 4 -1.4534858015811123 -0.6903226915992652
19 13 4 -1.4299467937264658 -0.6326162429895668
19 14 4 -1.4158233890136778 -0.5845275358148182
19 15 4 -1.378160976446243 -0.5123944750526952
19 16 4 -1.3546219685915966 -0.44987915572552173
19 17 4 -1.3263751591660207 -0.3873638363983486
19 18 4 -1.2981283497404446 -0.32003964635370075
19 19 4 -1.288712746598586 -0.2863775513313762
19 20 4 -1.246342532460222 -0.2190533612867284
19 21 4 -1.2228035246055755 -0.16615578339450507
19 22 4 -1.199264516750929 -0.10364046406733153
19 23 4 -1.1757255088962826 -0.06516949832753272
19 24 4 -1.1192318900451306 0.016581303869540025
19 25 4 -1.0768616759067666 0.09833210606661277
19 26 4 -1.0533226680521202 0.1512296839588361
19 27 4 -0.9968290492009684 0.23298048615590883
19 28 4 -0.9591666366335337 0.3195401590704567
19 29 4 -0.9167964224951699 0.38686434911510453
19 30 4 -0.8932574146405233 0.43976192700732825
19 31 4 -0.8414715973603006 0.49265950489955157
19 32 4 -0.7896857800800784 0.579219177814099
19 33 4 -0.756731169083573 0.6561611092936971
19 34 4 -0.7096531533742799 0.7379119114907697
19 35 4 -0.6672829392359161 0.805236101535418
19 36 4 -0.6531595345231279 0.8437070672752168
19 37 4 -0.6154971219556938 0.90622238660239
19 38 4 -0.5637113046754709 0.9543110937771386
19 39 4 -0.5401722968208245 1.0216352838217868
19 40 4 -0.5025098842533898 1.0697239909965355
19 41 4 -0.46013967011502593 1.1370481810411837
19 42 4 -0.44130846383130856 1.1755191467809825
19 43 4 -0.42247725754759125 1.2139901125207813
19 44 4 -0.38481484498015717 1.2716965611304798
19 45 4 -0.3377368292708635 1.3342118804576528
19 46 4 -0.2906588135615705 1.4015360705023012
19 47 4 -0.2529964009941358 1.3534473633275526
19 48 4 -0.21533398842670112 1.3005497854353287
19 49 4 -0.1635481711464789 1.2476522075431054
19 50 4 -0.11647015543718585 1.1947546296508817
19 51 4 -0.05056093344417546 1.1322393103237085
19 52 4 0.0012248838360473678 1.0937683445839097
19 53 4 0.048302899545340415 1.0504885081266357
19 54 4 0.09067311368370427 0.983164318081988
19 55 4 0.12833552625113895 0.9350756109072393
19 56 4 0.18482914510229095 0.8485159379926915
19 57 4 0.23190716081158402 0.7811917479480437
19 58 4 0.24603056552437155 0.7427207822082444
19 59 4 0.2884007796627354 0.685014333598546
19 60 4 0.3260631922301701 0.6465433678587472
19 61 4 0.3543100016557464 0.5984546606839987
19 62 4 0.3825568110813221 0.5647925656616745
19 63 4 0.42492702521968595 0.48785063418207686
19 64 4 0.46729723935804984 0.4109087027024788
19 65 4 0.5096674534964137 0.3676288662452053
19 66 4 0.5520376676347776 0.3147312883529816
19 67 4 0.5897000802022122 0.25702483974328316
19 68 4 0.6697327069080101 0.1752740375462104
19 69 4 0.7309341273300913 0.06947888176176335
19 70 4 0.7591809367556677 0.03581678673943964
19 71 4 0.7827199446103142 0.016581303869540025
19 72 4 0.8062589524649607 -0.026698532587733897
19 73 4 0.8439213650323953 -0.05555175689258291
19 74 4 0.8815837775998294 -0.13249368837218095
19 75 4 0.9333695948800523 -0.2046267491343039
19 76 4 0.9898632137312043 -0.2527154563090525
19 77 4 1.0463568325823558 -0.30561303420127583
19 78 4 1.0746036420079321 -0.32484851707117546
19 79 4 1.1405128640009423 -0.3873638363983486
19 80 4 1.1828830781393063 -0.4402614142905723
19 81 4 1.2158376891358111 -0.473923509312896
19 82 4 1.2629157048451047 -0.5220122164876446
19 83 4 1.314701522125327 -0.5941452772497676
19 84 4 1.3570717362636908 -0.666278338011891
19 85 4 1.404149751972984 -0.699940433034215
19 86 4 1.4371043629694895 -0.7480291402089636
19 87 4 1.4841823786787824 -0.8153533302536119
19 88 4 1.5406759975299344 -0.9019130031681589
19 89 4 1.6018774179520157 -0.9932815468001814
19 90 4 1.6301242273775913 -1.0750323489972546
19 91 4 1.6819100446578137 -1.1471654097593775
19 92 4 1.7054490525124602 -1.1856363754991763
19 93 4 1.747819266650824 -1.233725082673925
19 94 4 1.7619426713636122 -1.2721960484137238
19 95 4 1.804312885501976 -1.3202847555884725
19 96 4 1.8419752980694106 -1.3587557213282713
19 97 4 1.8796377106368454 -1.40684442850302
20 1 4 -1.773616308404306 -1.3202847555884725
20 2 4 -1.7359538958368712 -1.2433428241088749
20 3 4 -1.6935836816985073 -1.156783151194327
20 4 4 -1.6559212691310727 -1.0990767025846289
20 5 4 -1.6182588565636387 -1.0461791246924053
20 6 4 -1.5900120471380623 -0.9980904175176566
20 7 4 -1.53822622985784 -0.9067218738856341
20 8 4 -1.4864404125776172 -0.8201622009710866
20 9 4 -1.4487780000101826 -0.7384113987740138
20 10 4 -1.4111155874427486 -0.6470428551419913
20 11 4 -1.3546219685915966 -0.5749097943798683
20 12 4 -1.3216673575950912 -0.4835412507478462
20 13 4 -1.2651737387439395 -0.4402614142905723
20 14 4 -1.246342532460222 -0.3440839999410751
20 15 4 -1.1945567151799996 -0.2815686806139015
20 16 4 -1.1616021041834943 -0.2190533612867284
20 17 4 -1.1286474931869892 -0.16134691267702997
20 18 4 -1.0768616759067666 -0.08921385191490702
20 19 4 -1.0439070649102615 -0.026698532587733897
20 20 4 -1.0015368507718976 0.040625657456914335
20 21 4 -0.9685822397753924 0.09833210606661277
20 22 4 -0.9497510334916751 0.14161194252388629
20 23 4 -0.9073808193533112 0.2041272618510598
20 24 4 -0.8650106052149473 0.27626032261318273
20 25 4 -0.8367637957893714 0.3243490297879314
20 26 4 -0.7991013832219368 0.38686434911510453
20 27 4 -0.7520233675126438 0.44457079772480296
20 28 4 -0.7190687565161382 0.49746837561702667
20 29 4 -0.6814063439487041 0.5599836949441998
20 30 4 -0.6437439313812695 0.627307884988848
20 31 4 -0.6013737172429057 0.7138675579033955
20 32 4 -0.5590035031045418 0.7763828772305686
20 33 4 -0.5213410905371071 0.8244715844053172
20 34 4 -0.4695552732568849 0.8869869037324903
20 35 4 -0.4366006622603794 0.9591199644946137
20 36 4 -0.36598363869643985 1.0504885081266357
20 37 4 -0.30007441670342944 1.146665922476133
20 38 4 -0.257704202565065 1.2139901125207813
20 39 4 -0.22945739313948926 1.2716965611304798
20 40 4 -0.1965027821429844 1.3245941390227032
20 41 4 -0.16825597271740808 1.3774917169149268
20 42 4 -0.12117795700811503 1.4063449412197757
20 43 4 -0.08822334601160954 1.3534473633275526
20 44 4 -0.045853131873245676 1.2813143025654297
20 45 4 0.0012248838360473678 1.1947546296508817
20 46 4 0.029471693261623074 1.146665922476133
20 47 4 0.07184190739998693 1.088959473866435
20 48 4 0.10008871682556325 1.045679637409161
20 49 4 0.13775112939299733 0.9543110937771386
20 50 4 0.18482914510229095 0.8966046451674402
20 51 4 0.21778375609879586 0.8388981965577418
20 52 4 0.27427737494994786 0.7956183601004683
20 53 4 0.31193978751738255 0.7331030407732947
20 54 4 0.37314120793946315 0.6657788507286468
20 55 4 0.39197241422318047 0.6032635314014733
20 56 4 0.44846603307433247 0.5311304706393504
20 57 4 0.481420644070838 0.47823289274712705
20 58 4 0.5049596519254845 0.42533531485490333
20 59 4 0.5426220644929186 0.3628199955277302
20 60 4 0.5991156833440706 0.3195401590704567
20 61 4 0.6226546911987171 0.27145145189570763
20 62 4 0.6556093021952226 0.20893613256853452
20 63 4 0.7073951194754449 0.13680307180641157
20 64 4 0.7450575320428795 0.05986114032681395
20 65 4 0.7921355477521725 -0.0315074033052086
20 66 4 0.8345057618905364 -0.10364046406733153
20 67 4 0.8862915791707593 -0.18058239554692956
20 68 4 0.9098305870254058 -0.2430977148741027
20 69 4 0.9427851980219106 -0.2863775513313762
20 70 4 1.0039866184439918 -0.34889287065854974
20 71 4 1.065188038866073 -0.4258348021381474
20 72 4 1.1122660545753662 -0.46430576787794664
20 73 4 1.1499284671428007 -0.5316299579225948
20 74 4 1.1734674749974474 -0.5749097943798683
20 75 4 1.2064220859939527 -0.6326162429895668
20 76 4 1.2487923001323167 -0.6903226915992652
20 77 4 1.309993720554398 -0.7528380109264383
20 78 4 1.3429483315509028 -0.8153533302536119
20 79 4 1.3664873394055492 -0.8778686495807846
20 80 4 1.4135653551148428 -0.9067218738856341
20 81 4 1.4276887598276304 -0.9548105810603826
20 82 4 1.4653511723950652 -1.0173259003875559
20 83 4 1.5030135849625 -1.0702234782797795
20 84 4 1.5312603943880756 -1.113503314737053
20 85 4 1.554799402242722 -1.156783151194327
20 86 4 1.6065852195229449 -1.2144895998040255
20 87 4 1.6442476320903796 -1.3010492727185727
20 88 4 1.6819100446578137 -1.334711367740897
20 89 4 1.71015685408339 -1.3635645920457464
20 90 4 1.743111465079895 -1.4260799113729195
21 1 4 -1.9289737602449732 -1.1952541169341262
21 2 4 -1.9054347523903266 -1.127929926889478
21 3 4 -1.8630645382519628 -1.0654146075623043
21 4 4 -1.806570919400811 -0.9932815468001814
21 5 4 -1.7783241099752352 -0.9115307446031091
21 6 4 -1.731246094265942 -0.8345888131235111
21 7 4 -1.6794602769857194 -0.7768823645138127
21 8 4 -1.6465056659892143 -0.7287936573390641
21 9 4 -1.6088432534217796 -0.666278338011891
21 10 4 -1.5570574361415574 -0.5652920529449186
21 11 4 -1.5099794204322639 -0.49796786290027034
21 12 4 -1.4676092062939 -0.3969815778332984
21 13 4 -1.425238992155536 -0.32484851707117546
21 14 4 -1.3687453733043846 -0.2430977148741027
21 15 4 -1.345206365449738 -0.2046267491343039
21 16 4 -1.3122517544532328 -0.13730255908965566
21 17 4 -1.2604659371730103 -0.07478723976248253
21 18 4 -1.241634730889293 -0.021889661870258793
21 19 4 -1.1945567151799996 0.04543452817438904
21 20 4 -1.1521865010416357 0.10794984750156257
21 21 4 -1.1145240884742014 0.1608474253937859
21 22 4 -1.0721538743358374 0.23298048615590883
21 23 4 -1.0203680570556148 0.3243490297879314
21 24 4 -0.9638744382044632 0.4205264441374286
21 25 4 -0.9167964224951699 0.49265950489955157
21 26 4 -0.8885496130695939 0.5407482120743002
21 27 4 -0.8508872005021595 0.579219177814099
21 28 4 -0.8085169863637958 0.6465433678587472
21 29 4 -0.7614389706545022 0.72829417005582
21 30 4 -0.7143609549452091 0.7667651357956188
21 31 4 -0.6766985423777744 0.8148538429703674
21 32 4 -0.6531595345231279 0.8725602915800659
21 33 4 -0.5966659156719765 0.9639288352120884
21 34 4 -0.530756693678966 1.045679637409161
21 35 4 -0.47897087639874325 1.1274304396062338
21 36 4 -0.4318928606894502 1.1803280174984572
21 37 4 -0.4130616544057329 1.233225595390681
21 38 4 -0.370691440267369 1.3005497854353287
21 39 4 -0.3377368292708635 1.339020751175128
21 40 4 -0.30007441670342944 1.3871094583498766
21 41 4 -0.23887299628134825 1.4784780019818988
21 42 4 -0.20591838528484274 1.4303892948071502
21 43 4 -0.16825597271740808 1.3774917169149268
21 44 4 -0.12588575857904422 1.329403009740178
21 45 4 -0.07409994129882198 1.266887690413005
21 46 4 0.020056090119764707 1.2091812418033066
21 47 4 0.057718502687199386 1.161092534628558
21 48 4 0.10950431996742162 1.0937683445839097
21 49 4 0.1471667325348563 1.0601062495615856
21 50 4 0.2036603513860077 1.0072086716693622
21 51 4 0.24603056552437155 0.9446933523421888
21 52 4 0.29310858123366523 0.9014135158849153
21 53 4 0.3401865969429583 0.8244715844053172
21 54 4 0.3778490095103929 0.7523385236431943
21 55 4 0.4202192236487568 0.6802054628810713
21 56 4 0.4578816362161909 0.6465433678587472
21 57 4 0.5002518503545548 0.6080724021189484
21 58 4 0.5473298660638484 0.5359393413568255
21 59 4 0.5849922786312824 0.47823289274712705
21 60 4 0.632070294340576 0.43495305628985315
21 61 4 0.6791483100498691 0.38686434911510453
21 62 4 0.7168107226173038 0.3339667712228812
21 63 4 0.7733043414684553 0.29549580548308196
21 64 4 0.8203823571777489 0.19450952041611003
21 65 4 0.8862915791707593 0.11756758893651198
21 66 4 0.9333695948800523 0.06947888176176335
21 67 4 0.9663242058765572 -0.0026541790003595856
21 68 4 1.022817824727709 -0.026698532587733897
21 69 4 1.0746036420079321 -0.07959611047995722
21 70 4 1.1358050624300127 -0.12287594693723114
21 71 4 1.1781752765683764 -0.18058239554692956
21 72 4 1.2346688954195286 -0.2334799734391529
21 73 4 1.2629157048451047 -0.2815686806139015
21 74 4 1.3241171252671855 -0.3440839999410751
21 75 4 1.3664873394055492 -0.3969815778332984
21 76 4 1.3900263472601964 -0.4306436728556225
21 77 4 1.4371043629694895 -0.49315899218279563
21 78 4 1.4983057833915707 -0.5652920529449186
21 79 4 1.5736306085264393 -0.6374251137070415
21 80 4 1.6207086242357325 -0.7143670451866395
21 81 4 1.6724944415159553 -0.757646881643913
21 82 4 1.7195724572252482 -0.8201622009710866
21 83 4 1.7666504729345414 -0.9115307446031091
21 84 4 1.804312885501976 -0.9596194517778578
21 85 4 1.8466830996403398 -1.0221347711050308
21 86 4 1.893761115349633 -1.084650090432204
21 87 4 1.9314235279170677 -1.1423565390419024
21 88 4 1.9785015436263607 -1.2144895998040255
21 89 4 2.0208717577647244 -1.267387177696249
21 90 4 2.0632419719030883 -1.3154758848709978
21 91 4 2.1197355907542406 -1.3779912041981708
22 1 4 -1.6888758801275783 -1.3828000749156455
22 2 4 -1.6323822612764263 -1.2866226605661484
22 3 4 -1.5900120471380623 -1.2241073412389751
22 4 4 -1.5617652377124867 -1.1519742804768522
22 5 4 -1.5288106267159811 -1.055796866127355
22 6 4 -1.481732611006688 -0.9884726760827067
22 7 4 -1.4629014047229707 -0.9355750981904835
22 8 4 -1.4393623968683242 -0.8826775202982597
22 9 4 -1.4064077858718187 -0.8105444595361367
22 10 4 -1.378160976446243 -0.7384113987740138
22 11 4 -1.3546219685915966 -0.6903226915992652
22 12 4 -1.3216673575950912 -0.627807372272092
22 13 4 -1.3028361513113742 -0.5701009236623933
22 14 4 -1.2604659371730103 -0.5123944750526952
22 15 4 -1.2369269293183633 -0.45468802644299683
22 16 4 -1.2086801198927877 -0.3825549656808739
22 17 4 -1.156894302612565 -0.3008041634838011
22 18 4 -1.1145240884742014 -0.2046267491343039
22 19 4 -1.0768616759067666 -0.12768481765470585
22 20 4 -1.0533226680521202 -0.06516949832753272
22 21 4 -1.025075858626544 -0.012271920435309391
22 22 4 -0.9968290492009684 0.04543452817438904
22 23 4 -0.9732900413463219 0.09833210606661277
22 24 4 -0.9262120256370285 0.21374500328600962
22 25 4 -0.8979652162114525 0.24259822759085864
22 26 4 -0.8603028036440181 0.29549580548308196
22 27 4 -0.8367637957893714 0.3339667712228812
22 28 4 -0.8179325895056542 0.3820554783976298
22 29 4 -0.7802701769382194 0.45418853915975277
22 30 4 -0.7378999627998556 0.5263215999218757
22 31 4 -0.7049453518033507 0.5888369192490488
22 32 4 -0.6814063439487041 0.6417344971412725
22 33 4 -0.6578673360940577 0.685014333598546
22 34 4 -0.6013737172429057 0.757147394360669
22 35 4 -0.57312690781733 0.7956183601004683
22 36 4 -0.5354644952498953 0.8533248087101667
22 37 4 -0.5166332889661779 0.9014135158849153
22 38 4 -0.4883864795406022 0.939884481624714
22 39 4 -0.4507240669731675 1.0072086716693622
22 40 4 -0.4083538528348037 1.0697239909965355
22 41 4 -0.3942304481220155 1.1130038274538094
22 42 4 -0.3377368292708635 1.1947546296508817
22 43 4 -0.2812432104197121 1.25246107826058
22 44 4 -0.27182760727785316 1.2716965611304798
22 45 4 -0.2247495915685601 1.3486384926100774
22 46 4 -0.1635481711464789 1.329403009740178
22 47 4 -0.0976389491534685 1.2765054318479545
22 48 4 -0.04114533030231649 1.218798983238256
22 49 4 0.04359509797441123 1.146665922476133
22 50 4 0.12362772468020977 1.0793417324314853
22 51 4 0.1707057403895028 1.0216352838217868
22 52 4 0.25073836709530134 0.9735465766470383
22 53 4 0.2978163828045944 0.9495022230596639
22 54 4 0.36843340636853394 0.8533248087101667
22 55 4 0.41080362050689784 0.8004272308179429
22 56 4 0.4531738346452617 0.7379119114907697
22 57 4 0.49554404878362557 0.6753965921635967
22 58 4 0.5614532707766359 0.5984546606839987
22 59 4 0.6038234849149998 0.5359393413568255
22 60 4 0.632070294340576 0.49265950489955157
22 61 4 0.6791483100498691 0.4493796684422776
22 62 4 0.7121029210463741 0.401290961267529
22 63 4 0.7356419289010212 0.3532022540927804
22 64 4 0.7968433493231017 0.29068693476560725
22 65 4 0.8345057618905364 0.23778935687338393
22 66 4 0.8909993807416885 0.1608474253937859
22 67 4 0.9427851980219106 0.11756758893651198
22 68 4 0.9804476105893454 0.05986114032681395
22 69 4 1.051064634153285 -0.017080791152784092
22 70 4 1.0981426498625786 -0.09402272263238173
22 71 4 1.1687596734265182 -0.17096465411197978
22 72 4 1.2158376891358111 -0.2286711027216782
22 73 4 1.258207903274175 -0.2863775513313762
22 74 4 1.3241171252671855 -0.3440839999410751
22 75 4 1.3806107441183375 -0.40179044855077306
22 76 4 1.446519966111348 -0.49315899218279563
22 77 4 1.5218447912462172 -0.5941452772497676
22 78 4 1.5312603943880756 -0.6758960794468407
22 79 4 1.5736306085264393 -0.757646881643913
22 80 4 1.6065852195229449 -0.800926718101187
22 81 4 1.6489554336613088 -0.8826775202982597
22 82 4 1.6913256477996725 -0.9355750981904835
22 83 4 1.7336958619380365 -0.9932815468001814
22 84 4 1.757234869792683 -1.04137025397493
22 85 4 1.813728488643835 -1.1183121854545282
22 86 4 1.8372674964984814 -1.1615920219118017
22 87 4 1.8843455122077746 -1.2289162119564498
22 88 4 1.9220079247752093 -1.2914315312836235
22 89 4 1.9549625357717142 -1.339520238458372
23 1 4 -1.6229666581345679 -1.4453153942428187
23 2 4 -1.5758886424252747 -1.3683734627632211
23 3 4 -1.5429340314287692 -1.2914315312836235
23 4 4 -1.5052716188613346 -1.2096807290865508
23 5 4 -1.4581936031520415 -1.1327387976069527
23 6 4 -1.4205311905846068 -1.0317525125399807
23 7 4 -1.3734531748753138 -0.9644283224953325
23 8 4 -1.3263751591660207 -0.8393976838409862
23 9 4 -1.288712746598586 -0.7480291402089636
23 10 4 -1.246342532460222 -0.6758960794468407
23 11 4 -1.2086801198927877 -0.6037630186847178
23 12 4 -1.1851411120381412 -0.5508654407924941
23 13 4 -1.156894302612565 -0.4883501214653209
23 14 4 -1.1145240884742014 -0.40659931926824816
23 15 4 -1.0580304696230496 -0.31523077563622565
23 16 4 -1.0156602554846856 -0.2286711027216782
23 17 4 -0.9874134460591097 -0.17096465411197978
23 18 4 -0.9497510334916751 -0.08921385191490702
23 19 4 -0.8979652162114525 0.0021546917171155187
23 20 4 -0.8697184067858769 0.06947888176176335
23 21 4 -0.8226403910765834 0.1560385546763112
23 22 4 -0.7708545737963611 0.24740709830833335
23 23 4 -0.7284843596579972 0.3243490297879314
23 24 4 -0.7096531533742799 0.38686434911510453
23 25 4 -0.6578673360940577 0.47342402202965234
23 26 4 -0.6154971219556938 0.5647925656616745
23 27 4 -0.5966659156719765 0.6080724021189484
23 28 4 -0.57312690781733 0.6561611092936971
23 29 4 -0.5072176858243189 0.757147394360669
23 30 4 -0.4366006622603794 0.8437070672752168
23 31 4 -0.3942304481220155 0.9254578694722896
23 32 4 -0.36127583712551065 0.9927820595169374
23 33 4 -0.32832122612900516 1.055297378844111
23 34 4 -0.2906588135615705 1.1274304396062338
23 35 4 -0.257704202565065 1.1851368882159323
23 36 4 -0.2200417899976309 1.2380344661081557
23 37 4 -0.17296377428833726 1.3149763975877538
23 38 4 -0.12588575857904422 1.3919183290673514
23 39 4 -0.08822334601160954 1.4496247776770497
23 40 4 -0.05056093344417546 1.3967271997848265
23 41 4 -0.01760632244766997 1.3582562340450273
23 42 4 0.015348288548835524 1.3197852683052285
23 43 4 0.04359509797441123 1.266887690413005
23 44 4 0.10008871682556325 1.2043723710858316
23 45 4 0.14245893096392712 1.1274304396062338
23 46 4 0.18482914510229095 1.0601062495615856
23 47 4 0.22719935924065482 0.9927820595169374
23 48 4 0.2648617718080889 0.9110312573198647
23 49 4 0.29310858123366523 0.8533248087101667
23 50 4 0.33547879537202907 0.7860006186655184
23 51 4 0.3778490095103929 0.7186764286208702
23 52 4 0.40609581893596863 0.6657788507286468
23 53 4 0.4578816362161909 0.593645789966524
23 54 4 0.49554404878362557 0.5407482120743002
23 55 4 0.5143752550673428 0.46861515131217724
23 56 4 0.5661610723475657 0.3964820905500543
23 57 4 0.617946889627788 0.3195401590704567
23 58 4 0.665024905337081 0.23778935687338393
23 59 4 0.7026873179045157 0.165656296111261
23 60 4 0.7356419289010212 0.11275871821903727
23 61 4 0.7827199446103142 0.03581678673943964
23 62 4 0.8486291666033245 -0.05074288617510821
23 63 4 0.8768759760289003 -0.12768481765470585
23 64 4 0.9380773964509815 -0.2046267491343039
23 65 4 0.9898632137312043 -0.30561303420127583
23 66 4 1.022817824727709 -0.34889287065854974
23 67 4 1.0463568325823558 -0.3825549656808739
23 68 4 1.0981426498625786 -0.4354525435730976
23 69 4 1.164051871855589 -0.5123944750526952
23 70 4 1.1828830781393063 -0.5604831822274439
23 71 4 1.2393766969904576 -0.627807372272092
23 72 4 1.2770391095578923 -0.7095581744691645
23 73 4 1.3241171252671855 -0.7672646230788632
23 74 4 1.371195140976479 -0.8442065545584609
23 75 4 1.418273156685772 -0.9067218738856341
23 76 4 1.451227767682277 -0.978854934647757
23 77 4 1.4888901802497116 -1.0461791246924053
23 78 4 1.5359681959590048 -1.1183121854545282
23 79 4 1.5642150053845811 -1.1808275047817012
23 80 4 1.597169616381086 -1.2192984705215004
23 81 4 1.6489554336613088 -1.2914315312836235
23 82 4 1.6866178462287433 -1.3443291091758467
23 83 4 1.7195724572252482 -1.3828000749156455
23 84 4 1.7525270682217537 -1.450124264960294
24 1 4 -1.6182588565636387 -1.5655371621796907
24 2 4 -1.6088432534217796 -1.512639584287467
24 3 4 -1.5947198487089915 -1.450124264960294
24 4 4 -1.5570574361415574 -1.3828000749156455
24 5 4 -1.5288106267159811 -1.3010492727185727
24 6 4 -1.5099794204322639 -1.233725082673925
24 7 4 -1.4440701984392534 -1.127929926889478
24 8 4 -1.4111155874427486 -1.055796866127355
24 9 4 -1.3875765795881019 -0.9884726760827067
24 10 4 -1.3499141670206671 -0.9259573567555333
24 11 4 -1.3263751591660207 -0.8538242959934104
24 12 4 -1.2934205481695153 -0.7865001059487625
24 13 4 -1.2557581356020808 -0.7143670451866395
24 14 4 -1.2322191277474341 -0.627807372272092
24 15 4 -1.1757255088962826 -0.5412476993575442
24 16 4 -1.1474786994707065 -0.4883501214653209
24 17 4 -1.12393969161606 -0.4210259314206727
24 18 4 -1.0862772790486253 -0.34889287065854974
24 19 4 -1.025075858626544 -0.2479065855915774
24 20 4 -0.9968290492009684 -0.18058239554692956
24 21 4 -0.9544588350626045 -0.10364046406733153
24 22 4 -0.9356276287788872 -0.0411251447401584
24 23 4 -0.8932574146405233 0.055052269609338844
24 24 4 -0.8414715973603006 0.1319942010889369
24 25 4 -0.813224787934725 0.19450952041611003
24 26 4 -0.7661467722254319 0.28106919333065744
24 27 4 -0.7331921612289264 0.3483933833753057
24 28 4 -0.6908219470905625 0.42533531485490333
24 29 4 -0.6437439313812695 0.5167038584869259
24 30 4 -0.6013737172429057 0.593645789966524
24 31 4 -0.5637113046754709 0.6657788507286468
24 32 4 -0.5354644952498953 0.7667651357956188
24 33 4 -0.5166332889661779 0.8100449722528927
24 34 4 -0.46013967011502593 0.8821780330150156
24 35 4 -0.4083538528348037 0.9735465766470383
24 36 4 -0.3753992418382982 1.0312530252567367
24 37 4 -0.3377368292708635 1.0985772153013844
24 38 4 -0.30478221827435864 1.161092534628558
24 39 4 -0.2482885994232066 1.26207881969553
24 40 4 -0.21062618685577195 1.3245941390227032
24 41 4 -0.1917949805720546 1.3726828461974516
24 42 4 -0.15413256800462052 1.4303892948071502
24 43 4 -0.12588575857904422 1.367873975479977
24 44 4 -0.07409994129882198 1.295740914717854
24 45 4 -0.04114533030231649 1.233225595390681
24 46 4 -0.008190719305811604 1.156283663911083
24 47 4 0.03888729640348205 1.0937683445839097
24 48 4 0.08596531211277508 1.0168264131043117
24 49 4 0.12833552625113895 0.9206489987548144
24 50 4 0.16599793881857364 0.8340893258402671
24 51 4 0.18482914510229095 0.8004272308179429
24 52 4 0.20836815295693747 0.7523385236431943
24 53 4 0.25544616866623054 0.6753965921635967
24 54 4 0.29310858123366523 0.6032635314014733
24 55 4 0.31664758908831175 0.5599836949441998
24 56 4 0.3401865969429583 0.5118949877694512
24 57 4 0.3778490095103929 0.4638062805947025
24 58 4 0.4437582315034033 0.3676288662452053
24 59 4 0.46258943778712064 0.29068693476560725
24 60 4 0.49554404878362557 0.22817161543843414
24 61 4 0.5379142629219894 0.1608474253937859
24 62 4 0.5567454692057068 0.12237645965398708
24 63 4 0.575576675489424 0.08390549391418826
24 64 4 0.6085312864859296 0.055052269609338844
24 65 4 0.6461936990533637 -0.026698532587733897
24 66 4 0.6932717147626573 -0.08921385191490702
24 67 4 0.721518524188233 -0.16615578339450507
24 68 4 0.7497653336138087 -0.2046267491343039
24 69 4 0.7827199446103142 -0.2479065855915774
24 70 4 0.8156745556068191 -0.3008041634838011
24 71 4 0.8533369681742538 -0.40179044855077306
24 72 4 0.9004149838835468 -0.49315899218279563
24 73 4 0.914538388596335 -0.5364388286400695
24 74 4 0.961616404305628 -0.5941452772497676
24 75 4 0.9992788168730626 -0.6566605965769411
24 76 4 1.0181100231567801 -0.6903226915992652
24 77 4 1.051064634153285 -0.7336025280565388
24 78 4 1.0746036420079321 -0.7720734937963379
24 79 4 1.107558253004437 -0.829779942406036
24 80 4 1.1310972608590835 -0.8730597788633099
24 81 4 1.1734674749974474 -0.9355750981904835
24 82 4 1.220545490706741 -1.0221347711050308
24 83 4 1.2346688954195286 -1.0702234782797795
24 84 4 1.2770391095578923 -1.1327387976069527
24 85 4 1.3241171252671855 -1.1760186340642265
24 86 4 1.3570717362636908 -1.2289162119564498
24 87 4 1.3853185456892667 -1.2818137898486737
24 88 4 1.4323965613985603 -1.3683734627632211
24 89 4 1.4418121645404187 -1.4212710406554443
24 90 4 1.4559355692532068 -1.4789774892651433
24 91 4 1.446519966111348 -1.5703460328971655
